District	County	State PM	Abs PM	Length	Latitude	Longitude
1	Salt Lake	101.483	101.483	.019	40.72287	-112.22617
1	Salt Lake	101.502	101.502	.031	40.723	-112.22585
1	Salt Lake	101.532	101.532	.03	40.7232	-112.22533
1	Salt Lake	101.562	101.562	.095	40.7234	-112.22483
1	Salt Lake	101.657	101.657	.079	40.72404	-112.22322
1	Salt Lake	101.736	101.736	.103	40.72457	-112.22189
1	Salt Lake	101.839	101.839	.089	40.72528	-112.22016
1	Salt Lake	101.928	101.928	.113	40.72587	-112.21866
1	Salt Lake	102.041	102.041	.174	40.72663	-112.21675
1	Salt Lake	102.215	102.215	.099	40.72781	-112.21383
1	Salt Lake	102.314	102.314	.163	40.72848	-112.21216
1	Salt Lake	102.477	102.477	.083	40.72958	-112.20941
1	Salt Lake	102.56	102.56	.061	40.73016	-112.20802
1	Salt Lake	102.621	102.621	.041	40.73062	-112.20703
1	Salt Lake	102.662	102.662	.06	40.73095	-112.20638
1	Salt Lake	102.722	102.722	.119	40.73144	-112.20544
1	Salt Lake	102.841	102.841	.14	40.7324	-112.20356
1	Salt Lake	102.98	102.98	.143	40.73353	-112.20135
1	Salt Lake	103.124	103.124	.127	40.73469	-112.19908
1	Salt Lake	103.251	103.251	.063	40.73572	-112.19707
1	Salt Lake	103.314	103.314	.063	40.73623	-112.19607
1	Salt Lake	103.377	103.377	.063	40.73675	-112.19508
1	Salt Lake	103.441	103.441	.064	40.73729	-112.1941
1	Salt Lake	103.505	103.505	.084	40.73785	-112.19313
1	Salt Lake	103.589	103.589	.041	40.7386	-112.19186
1	Salt Lake	103.63	103.63	.084	40.73898	-112.19125
1	Salt Lake	103.714	103.714	.126	40.73977	-112.19003
1	Salt Lake	103.84	103.84	.042	40.74099	-112.18825
1	Salt Lake	103.882	103.882	.063	40.74141	-112.18768
1	Salt Lake	103.944	103.944	.082	40.74204	-112.18682
1	Salt Lake	104.027	104.027	.082	40.7429	-112.18573
1	Salt Lake	104.109	104.109	.132	40.74377	-112.18467
1	Salt Lake	104.24	104.24	.171	40.74518	-112.18298
1	Salt Lake	104.411	104.411	.141	40.74701	-112.18078
1	Salt Lake	104.553	104.553	.027	40.74852	-112.17896
1	Salt Lake	104.58	104.58	.064	40.74881	-112.17861
1	Salt Lake	104.644	104.644	.028	40.7495	-112.17779
1	Salt Lake	104.672	104.672	.08	40.7498	-112.17742
1	Salt Lake	104.753	104.753	.099	40.75066	-112.17639
1	Salt Lake	104.852	104.852	.177	40.75172	-112.17511
1	Salt Lake	105.029	105.029	.282	40.75362	-112.17283
1	Salt Lake	105.312	105.312	.121	40.75664	-112.1692
1	Salt Lake	105.433	105.433	.081	40.75794	-112.16764
1	Salt Lake	105.514	105.514	.062	40.75881	-112.16659
1	Salt Lake	105.577	105.577	.063	40.75946	-112.16577
1	Salt Lake	105.639	105.639	.105	40.7601	-112.16492
1	Salt Lake	105.744	105.744	.083	40.76114	-112.16347
1	Salt Lake	105.827	105.827	.125	40.762	-112.16235
1	Salt Lake	105.952	105.952	.069	40.76333	-112.16074
1	Salt Lake	106.021	106.021	.034	40.76407	-112.15986
1	Salt Lake	106.055	106.055	.21	40.76443	-112.15942
1	Salt Lake	106.265	106.265	.128	40.76668	-112.15672
1	Salt Lake	106.393	106.393	.043	40.76805	-112.15506
1	Salt Lake	106.436	106.436	.021	40.7685	-112.15449
1	Salt Lake	106.457	106.457	.021	40.76871	-112.1542
1	Salt Lake	106.479	106.479	.03	40.76891	-112.15389
1	Salt Lake	106.509	106.509	.032	40.76918	-112.15343
1	Salt Lake	106.541	106.541	.041	40.76944	-112.15292
1	Salt Lake	106.583	106.583	.042	40.76974	-112.15224
1	Salt Lake	106.625	106.625	.041	40.77	-112.15152
1	Salt Lake	106.666	106.666	.031	40.77021	-112.15078
1	Salt Lake	106.697	106.697	.032	40.77035	-112.15022
1	Salt Lake	106.729	106.729	.021	40.77045	-112.14963
1	Salt Lake	106.75	106.75	.042	40.77051	-112.14923
1	Salt Lake	106.792	106.792	.042	40.7706	-112.14843
1	Salt Lake	106.834	106.834	.063	40.77064	-112.14763
1	Salt Lake	106.898	106.898	.193	40.77065	-112.14642
1	Salt Lake	107.091	107.091	.197	40.77065	-112.14274
1	Salt Lake	107.288	107.288	.087	40.77066	-112.13899
1	Salt Lake	107.375	107.375	.778	40.77066	-112.13733
1	Salt Lake	108.152	108.152	1.116	40.77071	-112.1225
1	Salt Lake	109.268	109.268	.017	40.77076	-112.10123
1	Salt Lake	109.285	109.285	.183	40.77076	-112.10091
1	Salt Lake	109.468	109.468	.983	40.77077	-112.09742
1	Salt Lake	110.45	110.45	.144	40.77081	-112.07868
1	Salt Lake	110.594	110.594	.046	40.77082	-112.07594
1	Salt Lake	110.64	110.64	.156	40.77083	-112.07506
1	Salt Lake	110.797	110.797	.075	40.77085	-112.07208
1	Salt Lake	110.872	110.872	.191	40.77085	-112.07065
1	Salt Lake	111.063	111.063	.206	40.77086	-112.06701
1	Salt Lake	111.269	111.269	.014	40.77087	-112.06308
1	Salt Lake	111.283	111.283	.18	40.77087	-112.06281
1	Salt Lake	111.463	111.463	.11	40.77087	-112.05937
1	Salt Lake	111.573	111.573	.133	40.77088	-112.05728
1	Salt Lake	111.706	111.706	.052	40.77088	-112.05474
1	Salt Lake	111.758	111.758	.359	40.77089	-112.05375
1	Salt Lake	112.117	112.117	.354	40.7709	-112.04691
1	Salt Lake	112.471	112.471	.341	40.77091	-112.04016
1	Salt Lake	112.812	112.812	.031	40.77092	-112.03365
1	Salt Lake	112.843	112.843	.421	40.77092	-112.03306
1	Salt Lake	113.264	113.264	.331	40.77094	-112.02504
1	Salt Lake	113.595	113.595	.044	40.77094	-112.01872
1	Salt Lake	113.639	113.639	.11	40.77094	-112.01788
1	Salt Lake	113.749	113.749	.039	40.77093	-112.01578
1	Salt Lake	113.789	113.789	.04	40.77092	-112.01503
1	Salt Lake	113.828	113.828	.04	40.77089	-112.01427
1	Salt Lake	113.868	113.868	.041	40.77085	-112.01351
1	Salt Lake	113.909	113.909	.04	40.77079	-112.01274
1	Salt Lake	113.949	113.949	.061	40.77073	-112.01198
1	Salt Lake	114.01	114.01	.061	40.7706	-112.01083
1	Salt Lake	114.071	114.071	.06	40.77045	-112.00969
1	Salt Lake	114.13	114.13	.059	40.77027	-112.00858
1	Salt Lake	114.189	114.189	.059	40.77006	-112.00749
1	Salt Lake	114.249	114.249	.071	40.76983	-112.0064
1	Salt Lake	114.32	114.32	.039	40.76952	-112.0051
1	Salt Lake	114.359	114.359	.04	40.76934	-112.00443
1	Salt Lake	114.399	114.399	.069	40.76915	-112.00375
1	Salt Lake	114.469	114.469	.064	40.7688	-112.00258
1	Salt Lake	114.532	114.532	.097	40.76844	-112.00153
1	Salt Lake	114.629	114.629	.099	40.76786	-111.99995
1	Salt Lake	114.728	114.728	.061	40.76723	-111.99837
1	Salt Lake	114.789	114.789	.081	40.76682	-111.99741
1	Salt Lake	114.87	114.87	.058	40.76626	-111.99614
1	Salt Lake	114.928	114.928	.036	40.76588	-111.99515
1	Salt Lake	114.964	114.964	.035	40.76564	-111.99446
1	Salt Lake	114.999	114.999	.053	40.76543	-111.99377
1	Salt Lake	115.052	115.052	.053	40.76515	-111.99272
1	Salt Lake	115.105	115.105	.053	40.76491	-111.99164
1	Salt Lake	115.158	115.158	.022	40.76472	-111.99055
1	Salt Lake	115.18	115.18	.031	40.76466	-111.9901
1	Salt Lake	115.211	115.211	.052	40.76457	-111.98946
1	Salt Lake	115.263	115.263	.065	40.76446	-111.98837
1	Salt Lake	115.328	115.328	.022	40.7644	-111.98701
1	Salt Lake	115.35	115.35	.059	40.76439	-111.98654
1	Salt Lake	115.409	115.409	.092	40.76439	-111.98541
1	Salt Lake	115.501	115.501	.092	40.76438	-111.98358
1	Salt Lake	115.593	115.593	.07	40.76439	-111.98175
1	Salt Lake	115.664	115.664	.053	40.7644	-111.98035
1	Salt Lake	115.717	115.717	.091	40.7644	-111.97929
1	Salt Lake	115.807	115.807	.093	40.76439	-111.97749
1	Salt Lake	115.9	115.9	.045	40.76439	-111.97565
1	Salt Lake	115.945	115.945	.199	40.76439	-111.97488
1	Salt Lake	116.144	116.144	.164	40.7644	-111.97144
1	Salt Lake	116.308	116.308	.061	40.76444	-111.96861
1	Salt Lake	116.369	116.369	.041	40.76447	-111.96756
1	Salt Lake	116.41	116.41	.046	40.7645	-111.96685
1	Salt Lake	116.456	116.456	.03	40.76454	-111.96598
1	Salt Lake	116.486	116.486	.021	40.76457	-111.9654
1	Salt Lake	116.507	116.507	.158	40.76459	-111.96499
1	Salt Lake	116.665	116.665	.13	40.76474	-111.96192
1	Salt Lake	116.795	116.795	.083	40.76487	-111.95939
1	Salt Lake	116.878	116.878	.152	40.76495	-111.95778
1	Salt Lake	117.03	117.03	.039	40.76513	-111.95483
1	Salt Lake	117.069	117.069	.074	40.76518	-111.95408
1	Salt Lake	117.143	117.143	.036	40.76527	-111.95272
1	Salt Lake	117.18	117.18	.048	40.76532	-111.95205
1	Salt Lake	117.228	117.228	.024	40.76538	-111.95116
1	Salt Lake	117.253	117.253	.017	40.76541	-111.95071
1	Salt Lake	117.27	117.27	.044	40.76543	-111.9504
1	Salt Lake	117.313	117.313	.066	40.76548	-111.9496
1	Salt Lake	117.379	117.379	.034	40.76556	-111.94839
1	Salt Lake	117.413	117.413	.016	40.7656	-111.94777
1	Salt Lake	117.429	117.429	.293	40.76562	-111.94748
1	Salt Lake	117.722	117.722	.057	40.76594	-111.94209
1	Salt Lake	117.779	117.779	.071	40.76601	-111.94104
1	Salt Lake	117.849	117.849	.031	40.76609	-111.93974
1	Salt Lake	117.881	117.881	.021	40.76611	-111.93916
1	Salt Lake	117.902	117.902	.045	40.7661	-111.93877
1	Salt Lake	117.947	117.947	.034	40.76606	-111.93795
1	Salt Lake	117.981	117.981	.019	40.76602	-111.93732
1	Salt Lake	118	118	.037	40.76599	-111.93697
1	Salt Lake	118.037	118.037	.044	40.7659	-111.93627
1	Salt Lake	118.081	118.081	.036	40.76576	-111.93539
1	Salt Lake	118.117	118.117	.111	40.76564	-111.93467
1	Salt Lake	118.228	118.228	.086	40.76529	-111.93243
1	Salt Lake	118.314	118.314	.06	40.765	-111.93071
1	Salt Lake	118.374	118.374	.035	40.76481	-111.9295
1	Salt Lake	118.409	118.409	.031	40.7647	-111.9288
1	Salt Lake	118.44	118.44	.017	40.76461	-111.92817
1	Salt Lake	118.457	118.457	.036	40.76458	-111.92784
1	Salt Lake	118.493	118.493	.05	40.76454	-111.92719
1	Salt Lake	118.543	118.543	.22	40.76452	-111.92629
1	Salt Lake	118.763	118.763	.087	40.7645	-111.9223
1	Salt Lake	118.85	118.85	.054	40.76449	-111.92072
1	Salt Lake	118.904	118.904	.042	40.76447	-111.91969
1	Salt Lake	118.946	118.946	.029	40.76446	-111.91889
1	Salt Lake	118.975	118.975	.028	40.76445	-111.91833
1	Salt Lake	119.004	119.004	.013	40.76441	-111.91779
1	Salt Lake	119.017	119.017	.014	40.76437	-111.91754
1	Salt Lake	119.031	119.031	.013	40.76431	-111.91728
1	Salt Lake	119.045	119.045	.013	40.76423	-111.91705
1	Salt Lake	119.057	119.057	.012	40.75598	-111.91233
1	Salt Lake	119.07	119.07	.03	40.75582	-111.91223
1	Salt Lake	119.1	119.1	.023	40.75543	-111.91198
1	Salt Lake	119.122	119.122	.023	40.75512	-111.91183
1	Salt Lake	119.145	119.145	.043	40.75481	-111.91167
1	Salt Lake	119.188	119.188	.055	40.75421	-111.91144
1	Salt Lake	119.244	119.244	.045	40.75342	-111.91126
1	Salt Lake	119.289	119.289	.06	40.75278	-111.91111
1	Salt Lake	119.348	119.348	.041	40.75193	-111.9109
1	Salt Lake	119.389	119.389	.037	40.75135	-111.91072
1	Salt Lake	119.426	119.426	.034	40.75085	-111.91048
1	Salt Lake	119.46	119.46	.052	40.7504	-111.9102
1	Salt Lake	119.513	119.513	.023	40.74975	-111.90969
1	Salt Lake	119.536	119.536	.046	40.74949	-111.90941
1	Salt Lake	119.582	119.582	.101	40.74897	-111.90885
1	Salt Lake	119.684	119.684	.07	40.74791	-111.90751
1	Salt Lake	119.754	119.754	.047	40.74716	-111.9066
1	Salt Lake	119.801	119.801	.021	40.74666	-111.906
1	Salt Lake	119.822	119.822	.025	40.74642	-111.90574
1	Salt Lake	119.847	119.847	.033	40.74614	-111.90545
1	Salt Lake	119.88	119.88	.022	40.74573	-111.90513
1	Salt Lake	119.902	119.902	.02	40.74544	-111.90494
1	Salt Lake	119.922	119.922	.034	40.74518	-111.90479
1	Salt Lake	119.956	119.956	.028	40.74472	-111.90455
1	Salt Lake	119.983	119.983	.036	40.74434	-111.90439
1	Salt Lake	120.019	120.019	.033	40.74383	-111.90428
1	Salt Lake	120.051	120.051	.029	40.74336	-111.90423
1	Salt Lake	120.08	120.08	.038	40.74294	-111.90421
1	Salt Lake	120.118	120.118	.057	40.74239	-111.90426
1	Salt Lake	120.175	120.175	.158	40.74157	-111.90432
1	Salt Lake	120.333	120.333	.062	40.73929	-111.90452
1	Salt Lake	120.395	120.395	.131	40.73839	-111.9046
1	Salt Lake	120.526	120.526	.086	40.73649	-111.90475
1	Salt Lake	120.613	120.613	.055	40.73524	-111.90484
1	Salt Lake	120.667	120.667	.066	40.73445	-111.90487
1	Salt Lake	120.733	120.733	.124	40.7335	-111.90483
1	Salt Lake	120.856	120.856	.035	40.73171	-111.90477
1	Salt Lake	120.891	120.891	.2	40.7312	-111.90474
1	Salt Lake	121.091	121.091	.118	40.7283	-111.90465
1	Salt Lake	121.209	121.209	.014	40.72659	-111.90465
1	Salt Lake	121.223	121.223	.518	40.71813	-111.89688
1	Salt Lake	121.741	121.741	.375	40.71814	-111.89601
1	Salt Lake	122.116	122.116	.834	40.71814	-111.89538
1	Salt Lake	122.95	122.95	.151	40.71814	-111.89398
1	Salt Lake	123.101	123.101	.219	40.71814	-111.89111
1	Salt Lake	123.32	123.32	.143	40.71814	-111.88826
1	Salt Lake	123.463	123.463	.064	40.71815	-111.88466
1	Salt Lake	123.527	123.527	.018	40.71814	-111.88305
1	Salt Lake	123.545	123.545	.195	40.71814	-111.8826
1	Salt Lake	123.74	123.74	.045	40.71815	-111.8777
1	Salt Lake	123.785	123.785	.081	40.71815	-111.87683
1	Salt Lake	123.866	123.866	.049	40.71816	-111.87527
1	Salt Lake	123.915	123.915	.018	40.71821	-111.87433
1	Salt Lake	123.933	123.933	.041	40.71824	-111.87398
1	Salt Lake	123.974	123.974	.043	40.71832	-111.8732
1	Salt Lake	124.017	124.017	.061	40.71843	-111.87238
1	Salt Lake	124.078	124.078	.112	40.71861	-111.87123
1	Salt Lake	124.19	124.19	.027	40.71896	-111.86913
1	Salt Lake	124.217	124.217	.024	40.71904	-111.86863
1	Salt Lake	124.241	124.241	.039	40.71909	-111.86825
1	Salt Lake	124.28	124.28	.06	40.71916	-111.86764
1	Salt Lake	124.34	124.34	.081	40.71923	-111.86669
1	Salt Lake	124.421	124.421	.069	40.71929	-111.86541
1	Salt Lake	124.49	124.49	.234	40.71933	-111.86432
1	Salt Lake	124.724	124.724	.055	40.71948	-111.85988
1	Salt Lake	124.78	124.78	.081	40.71951	-111.85883
1	Salt Lake	124.861	124.861	.02	40.71955	-111.8573
1	Salt Lake	124.88	124.88	.017	40.71955	-111.85693
1	Salt Lake	124.898	124.898	.092	40.71955	-111.8566
1	Salt Lake	124.99	124.99	.064	40.71956	-111.85485
1	Salt Lake	125.054	125.054	.046	40.71956	-111.85363
1	Salt Lake	125.1	125.1	.075	40.71958	-111.85276
1	Salt Lake	125.176	125.176	.054	40.71957	-111.85133
1	Salt Lake	125.23	125.23	.059	40.71958	-111.8503
1	Salt Lake	125.289	125.289	.061	40.71958	-111.84918
1	Salt Lake	125.35	125.35	.068	40.71956	-111.84804
1	Salt Lake	125.418	125.418	.056	40.71947	-111.84677
1	Salt Lake	125.473	125.473	.053	40.71935	-111.84574
1	Salt Lake	125.526	125.526	.017	40.7192	-111.84477
1	Salt Lake	125.543	125.543	.033	40.71915	-111.84446
1	Salt Lake	125.576	125.576	.094	40.71903	-111.84386
1	Salt Lake	125.67	125.67	0	40.71866	-111.84216
1	Salt Lake	125.904	125.904	.078	40.71768	-111.83779
1	Salt Lake	125.982	125.982	.031	40.71735	-111.83633
1	Salt Lake	126.014	126.014	.031	40.7172	-111.83575
1	Salt Lake	126.044	126.044	.046	40.71702	-111.8352
1	Salt Lake	126.09	126.09	.032	40.71669	-111.83442
1	Salt Lake	126.122	126.122	.068	40.71643	-111.8339
1	Salt Lake	126.19	126.19	.047	40.71588	-111.83279
1	Salt Lake	126.237	126.237	.066	40.71554	-111.83201
1	Salt Lake	126.303	126.303	.163	40.71523	-111.83104
1	Salt Lake	126.466	126.466	.205	40.71456	-111.82858
1	Salt Lake	126.671	126.671	.039	40.71373	-111.82548
1	Salt Lake	126.71	126.71	.075	40.71357	-111.82489
1	Salt Lake	126.785	126.785	.058	40.7132	-111.82348
1	Salt Lake	126.842	126.842	.047	40.71289	-111.8224
1	Salt Lake	126.889	126.889	.034	40.71265	-111.82152
1	Salt Lake	126.923	126.923	.018	40.71253	-111.82086
1	Salt Lake	126.941	126.941	.034	40.71248	-111.8205
1	Salt Lake	126.975	126.975	.017	40.71245	-111.81982
1	Salt Lake	126.992	126.992	.015	40.71246	-111.81949
1	Salt Lake	127.006	127.006	.014	40.71249	-111.8192
1	Salt Lake	127.02	127.02	.014	40.71253	-111.81893
1	Salt Lake	127.034	127.034	.014	40.7126	-111.81867
1	Salt Lake	127.047	127.047	.013	40.71268	-111.81842
1	Salt Lake	127.061	127.061	.014	40.71277	-111.81818
1	Salt Lake	127.074	127.074	.014	40.71287	-111.81794
1	Salt Lake	127.088	127.088	.028	40.71299	-111.81771
1	Salt Lake	127.116	127.116	.054	40.71326	-111.81728
1	Salt Lake	127.17	127.17	.027	40.71379	-111.81645
1	Salt Lake	127.198	127.198	.026	40.71405	-111.81602
1	Salt Lake	127.224	127.224	.031	40.71427	-111.81558
1	Salt Lake	127.255	127.255	.022	40.71445	-111.815
1	Salt Lake	127.277	127.277	.028	40.71454	-111.81458
1	Salt Lake	127.305	127.305	.028	40.71459	-111.81403
1	Salt Lake	127.333	127.333	.057	40.71459	-111.81347
1	Salt Lake	127.39	127.39	.06	40.71453	-111.81233
1	Salt Lake	127.45	127.45	.071	40.71448	-111.81118
1	Salt Lake	127.521	127.521	.042	40.71442	-111.80977
1	Salt Lake	127.564	127.564	.04	40.71438	-111.80893
1	Salt Lake	127.603	127.603	.03	40.71432	-111.80814
1	Salt Lake	127.634	127.634	.017	40.71424	-111.80755
1	Salt Lake	127.651	127.651	.014	40.71418	-111.80722
1	Salt Lake	127.664	127.664	.017	40.71412	-111.80696
1	Salt Lake	127.682	127.682	.011	40.71404	-111.80663
1	Salt Lake	127.693	127.693	.018	40.71398	-111.80642
1	Salt Lake	127.711	127.711	.028	40.71389	-111.80608
1	Salt Lake	127.739	127.739	.026	40.71373	-111.80556
1	Salt Lake	127.765	127.765	.025	40.71358	-111.80509
1	Salt Lake	127.79	127.79	.051	40.71338	-111.80466
1	Salt Lake	127.841	127.841	.042	40.71301	-111.80387
1	Salt Lake	127.883	127.883	.029	40.71271	-111.80321
1	Salt Lake	127.913	127.913	.044	40.71252	-111.80274
1	Salt Lake	127.957	127.957	.093	40.71226	-111.80201
1	Salt Lake	128.05	128.05	.079	40.71174	-111.80046
1	Salt Lake	128.13	128.13	.031	40.71131	-111.79914
1	Salt Lake	128.161	128.161	.03	40.71116	-111.79861
1	Salt Lake	128.19	128.19	.015	40.71103	-111.7981
1	Salt Lake	128.206	128.206	.014	40.71098	-111.79783
1	Salt Lake	128.22	128.22	.02	40.71095	-111.79757
1	Salt Lake	128.24	128.24	.014	40.71093	-111.79721
1	Salt Lake	128.254	128.254	.014	40.71094	-111.79694
1	Salt Lake	128.268	128.268	.025	40.71096	-111.79667
1	Salt Lake	128.294	128.294	.03	40.71104	-111.79619
1	Salt Lake	128.324	128.324	.049	40.71119	-111.79564
1	Salt Lake	128.373	128.373	.046	40.71143	-111.79475
1	Salt Lake	128.419	128.419	.032	40.71165	-111.79391
1	Salt Lake	128.451	128.451	.033	40.71176	-111.7933
1	Salt Lake	128.484	128.484	.05	40.71182	-111.79267
1	Salt Lake	128.534	128.534	.033	40.71183	-111.79171
1	Salt Lake	128.567	128.567	.032	40.71184	-111.79108
1	Salt Lake	128.598	128.598	.031	40.7119	-111.79047
1	Salt Lake	128.63	128.63	.03	40.71201	-111.78988
1	Salt Lake	128.66	128.66	.032	40.71219	-111.78935
1	Salt Lake	128.692	128.692	.03	40.71239	-111.78881
1	Salt Lake	128.721	128.721	.06	40.71263	-111.78831
1	Salt Lake	128.781	128.781	.046	40.7132	-111.78739
1	Salt Lake	128.827	128.827	.026	40.71364	-111.78668
1	Salt Lake	128.853	128.853	.039	40.71387	-111.78625
1	Salt Lake	128.892	128.892	.032	40.71425	-111.78566
1	Salt Lake	128.924	128.924	.023	40.7146	-111.78522
1	Salt Lake	128.947	128.947	.03	40.71486	-111.78492
1	Salt Lake	128.977	128.977	.03	40.71524	-111.78461
1	Salt Lake	129.006	129.006	.033	40.71565	-111.78437
1	Salt Lake	129.04	129.04	.051	40.71613	-111.78416
1	Salt Lake	129.091	129.091	.016	40.71688	-111.78392
1	Salt Lake	129.107	129.107	.016	40.71712	-111.78383
1	Salt Lake	129.124	129.124	.028	40.71736	-111.78374
1	Salt Lake	129.152	129.152	.027	40.71776	-111.78353
1	Salt Lake	129.179	129.179	.021	40.7181	-111.78325
1	Salt Lake	129.2	129.2	.018	40.71836	-111.783
1	Salt Lake	129.218	129.218	.019	40.71856	-111.78279
1	Salt Lake	129.237	129.237	.019	40.71874	-111.78256
1	Salt Lake	129.255	129.255	.017	40.7189	-111.78231
1	Salt Lake	129.272	129.272	.019	40.71903	-111.78206
1	Salt Lake	129.292	129.292	.021	40.71917	-111.78178
1	Salt Lake	129.312	129.312	.019	40.7193	-111.78146
1	Salt Lake	129.331	129.331	.021	40.71941	-111.78117
1	Salt Lake	129.351	129.351	.03	40.7195	-111.78083
1	Salt Lake	129.382	129.382	.047	40.71964	-111.78033
1	Salt Lake	129.429	129.429	.027	40.71985	-111.77956
1	Salt Lake	129.455	129.455	.033	40.71999	-111.77913
1	Salt Lake	129.489	129.489	.041	40.72018	-111.7786
1	Salt Lake	129.53	129.53	.038	40.72046	-111.77798
1	Salt Lake	129.568	129.568	.052	40.72077	-111.77738
1	Salt Lake	129.62	129.62	.08	40.72113	-111.77682
1	Salt Lake	129.701	129.701	.021	40.72172	-111.77601
1	Salt Lake	129.721	129.721	.308	40.72188	-111.77581
1	Salt Lake	130.029	130.029	.042	40.72419	-111.77275
1	Salt Lake	130.071	130.071	.016	40.72449	-111.77232
1	Salt Lake	130.087	130.087	.025	40.7246	-111.77215
1	Salt Lake	130.112	130.112	.022	40.72475	-111.77186
1	Salt Lake	130.134	130.134	.028	40.72487	-111.7716
1	Salt Lake	130.162	130.162	.021	40.72502	-111.77126
1	Salt Lake	130.183	130.183	.024	40.7251	-111.77098
1	Salt Lake	130.208	130.208	.023	40.72519	-111.77066
1	Salt Lake	130.231	130.231	.023	40.72528	-111.77036
1	Salt Lake	130.254	130.254	.047	40.72536	-111.77005
1	Salt Lake	130.301	130.301	.025	40.72555	-111.76944
1	Salt Lake	130.326	130.326	.025	40.72567	-111.76913
1	Salt Lake	130.351	130.351	.041	40.72581	-111.76883
1	Salt Lake	130.392	130.392	.034	40.72606	-111.76836
1	Salt Lake	130.426	130.426	.025	40.72632	-111.76802
1	Salt Lake	130.452	130.452	.064	40.72652	-111.76778
1	Salt Lake	130.516	130.516	.037	40.72706	-111.76723
1	Salt Lake	130.553	130.553	.024	40.72738	-111.76692
1	Salt Lake	130.578	130.578	.024	40.72758	-111.7667
1	Salt Lake	130.601	130.601	.027	40.72776	-111.76647
1	Salt Lake	130.628	130.628	.024	40.72794	-111.76618
1	Salt Lake	130.652	130.652	.025	40.72809	-111.76591
1	Salt Lake	130.677	130.677	.023	40.72823	-111.76562
1	Salt Lake	130.7	130.7	.019	40.72836	-111.76534
1	Salt Lake	130.719	130.719	.007	40.72847	-111.76501
1	Salt Lake	130.726	130.726	.009	40.72856	-111.76473
1	Salt Lake	130.735	130.735	.008	40.72864	-111.76438
1	Salt Lake	130.743	130.743	.009	40.72872	-111.76408
1	Salt Lake	130.752	130.752	.016	40.7288	-111.76374
1	Salt Lake	130.768	130.768	.024	40.72897	-111.7631
1	Salt Lake	130.792	130.792	.017	40.72929	-111.76219
1	Salt Lake	130.809	130.809	.008	40.72955	-111.7616
1	Salt Lake	130.817	130.817	.009	40.72969	-111.76131
1	Salt Lake	130.826	130.826	.01	40.72984	-111.76102
1	Salt Lake	130.836	130.836	.016	40.73003	-111.76071
1	Salt Lake	130.851	130.851	.009	40.73035	-111.76022
1	Salt Lake	130.86	130.86	.017	40.73054	-111.75997
1	Salt Lake	130.877	130.877	.009	40.73091	-111.75947
1	Salt Lake	130.886	130.886	.009	40.7311	-111.75921
1	Salt Lake	130.894	130.894	.008	40.73127	-111.75894
1	Salt Lake	130.902	130.902	.008	40.73141	-111.75869
1	Salt Lake	130.91	130.91	.008	40.73156	-111.75841
1	Salt Lake	130.918	130.918	.01	40.73169	-111.75811
1	Salt Lake	130.929	130.929	.009	40.73183	-111.75774
1	Salt Lake	130.937	130.937	.009	40.73192	-111.7574
1	Salt Lake	130.946	130.946	.009	40.732	-111.75705
1	Salt Lake	130.955	130.955	.005	40.73207	-111.7567
1	Salt Lake	130.96	130.96	.02	40.73209	-111.75649
1	Salt Lake	130.98	130.98	.028	40.73217	-111.75568
1	Salt Lake	131.008	131.008	.035	40.73222	-111.75515
1	Salt Lake	131.043	131.043	.035	40.73234	-111.75451
1	Salt Lake	131.078	131.078	.035	40.73251	-111.75389
1	Salt Lake	131.113	131.113	.022	40.7327	-111.75328
1	Salt Lake	131.135	131.135	.013	40.7328	-111.75288
1	Salt Lake	131.148	131.148	.022	40.73287	-111.75266
1	Salt Lake	131.17	131.17	.012	40.73295	-111.75225
1	Salt Lake	131.183	131.183	.018	40.73299	-111.75202
1	Salt Lake	131.2	131.2	.07	40.73302	-111.75169
1	Salt Lake	131.27	131.27	.036	40.73313	-111.75038
1	Salt Lake	131.306	131.306	.035	40.73324	-111.74972
1	Salt Lake	131.341	131.341	.025	40.73342	-111.7491
1	Salt Lake	131.366	131.366	.028	40.73359	-111.74868
1	Salt Lake	131.394	131.394	.018	40.73381	-111.74823
1	Salt Lake	131.413	131.413	.017	40.73398	-111.74797
1	Salt Lake	131.43	131.43	.022	40.73415	-111.74773
1	Salt Lake	131.452	131.452	.031	40.73439	-111.74744
1	Salt Lake	131.483	131.483	.035	40.73476	-111.74708
1	Salt Lake	131.518	131.518	.018	40.7352	-111.74671
1	Salt Lake	131.536	131.536	.018	40.73542	-111.74651
1	Salt Lake	131.554	131.554	.018	40.73564	-111.74631
1	Salt Lake	131.572	131.572	.018	40.73585	-111.74608
1	Salt Lake	131.591	131.591	.026	40.73605	-111.74584
1	Salt Lake	131.616	131.616	.017	40.7363	-111.74546
1	Salt Lake	131.633	131.633	.047	40.73646	-111.7452
1	Salt Lake	131.68	131.68	.016	40.7369	-111.74448
1	Salt Lake	131.696	131.696	.031	40.73706	-111.74425
1	Salt Lake	131.727	131.727	.016	40.7374	-111.74383
1	Salt Lake	131.743	131.743	.026	40.73759	-111.74364
1	Salt Lake	131.77	131.77	.017	40.73792	-111.74337
1	Salt Lake	131.787	131.787	.035	40.73815	-111.74322
1	Salt Lake	131.821	131.821	.05	40.73863	-111.74297
1	Salt Lake	131.871	131.871	.019	40.73935	-111.74272
1	Salt Lake	131.89	131.89	.018	40.73962	-111.74261
1	Salt Lake	131.908	131.908	.011	40.73987	-111.7425
1	Salt Lake	131.919	131.919	.017	40.74003	-111.74243
1	Salt Lake	131.936	131.936	.015	40.74026	-111.74228
1	Salt Lake	131.952	131.952	.016	40.74046	-111.74213
1	Salt Lake	131.968	131.968	.017	40.74066	-111.74195
1	Salt Lake	131.985	131.985	.025	40.74086	-111.74175
1	Salt Lake	132.01	132.01	.026	40.74114	-111.74142
1	Salt Lake	132.036	132.036	.018	40.74138	-111.74104
1	Salt Lake	132.054	132.054	.018	40.74152	-111.74077
1	Salt Lake	132.072	132.072	.018	40.74165	-111.74048
1	Salt Lake	132.09	132.09	.018	40.74177	-111.74018
1	Salt Lake	132.108	132.108	.018	40.74187	-111.73987
1	Salt Lake	132.126	132.126	.018	40.74195	-111.73955
1	Salt Lake	132.145	132.145	.018	40.74201	-111.73922
1	Salt Lake	132.163	132.163	.037	40.74206	-111.73889
1	Salt Lake	132.2	132.2	.037	40.74212	-111.7382
1	Salt Lake	132.237	132.237	.092	40.74218	-111.73751
1	Salt Lake	132.329	132.329	.055	40.74233	-111.73581
1	Salt Lake	132.384	132.384	.036	40.74242	-111.73479
1	Salt Lake	132.42	132.42	.018	40.74249	-111.73412
1	Salt Lake	132.439	132.439	.029	40.74253	-111.73378
1	Salt Lake	132.468	132.468	.036	40.74263	-111.73325
1	Salt Lake	132.504	132.504	.036	40.74282	-111.73263
1	Salt Lake	132.54	132.54	.018	40.74307	-111.73204
1	Salt Lake	132.558	132.558	.037	40.74322	-111.73176
1	Salt Lake	132.595	132.595	.034	40.74366	-111.73108
1	Salt Lake	132.629	132.629	.008	40.74408	-111.73049
1	Salt Lake	132.637	132.637	.022	40.74418	-111.73034
1	Salt Lake	132.659	132.659	.022	40.74444	-111.72994
1	Salt Lake	132.68	132.68	.043	40.74467	-111.72952
1	Salt Lake	132.723	132.723	.065	40.74509	-111.72865
1	Salt Lake	132.788	132.788	.182	40.7457	-111.7273
1	Salt Lake	132.97	132.97	.036	40.74743	-111.72357
1	Salt Lake	133.006	133.006	.062	40.7477	-111.72299
1	Salt Lake	133.068	133.068	.042	40.7481	-111.72213
1	Salt Lake	133.11	133.11	.021	40.7484	-111.72157
1	Salt Lake	133.131	133.131	.021	40.74856	-111.7213
1	Salt Lake	133.151	133.151	.033	40.74873	-111.72105
1	Salt Lake	133.184	133.184	.031	40.74901	-111.72067
1	Salt Lake	133.215	133.215	.061	40.7493	-111.72035
1	Salt Lake	133.276	133.276	.01	40.74989	-111.71972
1	Salt Lake	133.285	133.285	.041	40.74998	-111.71962
1	Salt Lake	133.327	133.327	.022	40.75038	-111.7192
1	Salt Lake	133.349	133.349	.021	40.75059	-111.71896
1	Salt Lake	133.371	133.371	.023	40.75078	-111.71872
1	Salt Lake	133.394	133.394	.02	40.75098	-111.71845
1	Salt Lake	133.413	133.413	.021	40.75112	-111.71819
1	Salt Lake	133.434	133.434	.021	40.75127	-111.71791
1	Salt Lake	133.456	133.456	.02	40.7514	-111.71761
1	Salt Lake	133.476	133.476	.021	40.75151	-111.71731
1	Salt Lake	133.497	133.497	.021	40.7516	-111.71699
1	Salt Lake	133.518	133.518	.022	40.75168	-111.71666
1	Salt Lake	133.54	133.54	.019	40.75174	-111.71631
1	Salt Lake	133.56	133.56	.02	40.75177	-111.716
1	Salt Lake	133.58	133.58	.015	40.75179	-111.71567
1	Salt Lake	133.595	133.595	.016	40.75178	-111.71539
1	Salt Lake	133.611	133.611	.014	40.75177	-111.71509
1	Salt Lake	133.625	133.625	.011	40.75174	-111.71483
1	Salt Lake	133.636	133.636	.024	40.75171	-111.71463
1	Salt Lake	133.66	133.66	.021	40.75163	-111.71421
1	Salt Lake	133.681	133.681	.029	40.75154	-111.71384
1	Salt Lake	133.71	133.71	.029	40.75138	-111.71336
1	Salt Lake	133.739	133.739	.02	40.75115	-111.71292
1	Salt Lake	133.759	133.759	.032	40.75098	-111.71262
1	Salt Lake	133.791	133.791	.022	40.75068	-111.71218
1	Salt Lake	133.814	133.814	.039	40.75046	-111.71189
1	Salt Lake	133.853	133.853	.046	40.75008	-111.71137
1	Salt Lake	133.899	133.899	.029	40.74964	-111.71075
1	Salt Lake	133.928	133.928	.032	40.74939	-111.71033
1	Salt Lake	133.96	133.96	.029	40.74914	-111.70985
1	Salt Lake	133.989	133.989	.026	40.74895	-111.70935
1	Salt Lake	134.016	134.016	.03	40.7488	-111.7089
1	Salt Lake	134.045	134.045	.03	40.74867	-111.70837
1	Salt Lake	134.075	134.075	.03	40.74857	-111.70782
1	Salt Lake	134.106	134.106	.03	40.74851	-111.70726
1	Salt Lake	134.136	134.136	.03	40.74849	-111.70669
1	Salt Lake	134.167	134.167	.062	40.74851	-111.70612
1	Salt Lake	134.229	134.229	.055	40.74865	-111.70497
1	Salt Lake	134.283	134.283	.021	40.74878	-111.70396
1	Salt Lake	134.304	134.304	.014	40.74883	-111.70358
1	Salt Lake	134.318	134.318	.033	40.74886	-111.70333
1	Salt Lake	134.35	134.35	.015	40.74887	-111.70272
1	Salt Lake	134.366	134.366	.02	40.74887	-111.70243
1	Salt Lake	134.386	134.386	.026	40.74885	-111.70205
1	Salt Lake	134.412	134.412	.031	40.74881	-111.70157
1	Salt Lake	134.443	134.443	.016	40.74871	-111.701
1	Salt Lake	134.459	134.459	.021	40.74865	-111.70071
1	Salt Lake	134.48	134.48	.036	40.74855	-111.70034
1	Salt Lake	134.516	134.516	.032	40.74835	-111.69971
1	Salt Lake	134.548	134.548	.026	40.74813	-111.69918
1	Salt Lake	134.573	134.573	.032	40.74793	-111.69877
1	Salt Lake	134.605	134.605	.037	40.74766	-111.69827
1	Salt Lake	134.642	134.642	.056	40.7473	-111.69776
1	Salt Lake	134.698	134.698	.055	40.74673	-111.697
1	Salt Lake	134.753	134.753	.018	40.74621	-111.6962
1	Salt Lake	134.771	134.771	.037	40.74605	-111.69593
1	Salt Lake	134.808	134.808	.056	40.74576	-111.69533
1	Salt Lake	134.864	134.864	.056	40.74538	-111.69439
1	Salt Lake	134.92	134.92	.033	40.74504	-111.69343
1	Salt Lake	134.953	134.953	.022	40.74482	-111.69287
1	Salt Lake	134.976	134.976	.028	40.74466	-111.69251
1	Salt Lake	135.003	135.003	.048	40.74447	-111.69206
1	Salt Lake	135.051	135.051	.038	40.7441	-111.69132
1	Salt Lake	135.089	135.089	.018	40.74382	-111.69071
1	Salt Lake	135.107	135.107	.038	40.74368	-111.69043
1	Salt Lake	135.145	135.145	.035	40.7434	-111.68983
1	Salt Lake	135.18	135.18	.019	40.74318	-111.68924
1	Salt Lake	135.199	135.199	.038	40.74308	-111.68892
1	Salt Lake	135.237	135.237	.02	40.74288	-111.68826
1	Salt Lake	135.257	135.257	.039	40.7428	-111.68791
1	Salt Lake	135.296	135.296	.04	40.74266	-111.68721
1	Salt Lake	135.336	135.336	.02	40.74254	-111.68648
1	Salt Lake	135.356	135.356	.038	40.7425	-111.68612
1	Salt Lake	135.394	135.394	.037	40.74246	-111.68541
1	Salt Lake	135.431	135.431	.039	40.74245	-111.68472
1	Salt Lake	135.47	135.47	.092	40.74248	-111.684
1	Salt Lake	135.562	135.562	.029	40.74266	-111.68226
1	Salt Lake	135.591	135.591	.021	40.74272	-111.68166
1	Salt Lake	135.612	135.612	.024	40.74274	-111.68123
1	Salt Lake	135.636	135.636	.016	40.74275	-111.68074
1	Salt Lake	135.652	135.652	.016	40.74274	-111.68042
1	Salt Lake	135.668	135.668	.027	40.74272	-111.68009
1	Salt Lake	135.695	135.695	.022	40.74264	-111.67954
1	Salt Lake	135.716	135.716	.015	40.74255	-111.67911
1	Salt Lake	135.732	135.732	.015	40.74248	-111.67881
1	Salt Lake	135.747	135.747	.025	40.74239	-111.67852
1	Salt Lake	135.772	135.772	.023	40.74222	-111.67805
1	Salt Lake	135.796	135.796	.017	40.74205	-111.67762
1	Salt Lake	135.813	135.813	.017	40.74191	-111.67732
1	Salt Lake	135.83	135.83	.032	40.74175	-111.67703
1	Salt Lake	135.862	135.862	.03	40.74144	-111.67651
1	Salt Lake	135.892	135.892	.048	40.74109	-111.6761
1	Salt Lake	135.94	135.94	.035	40.74055	-111.67541
1	Salt Lake	135.975	135.975	.037	40.7402	-111.67493
1	Salt Lake	136.012	136.012	.041	40.73987	-111.67441
1	Salt Lake	136.053	136.053	.04	40.73955	-111.67379
1	Salt Lake	136.093	136.093	.027	40.7393	-111.67313
1	Salt Lake	136.12	136.12	.033	40.73916	-111.67267
1	Salt Lake	136.153	136.153	.04	40.73904	-111.67208
1	Salt Lake	136.193	136.193	.015	40.73894	-111.67136
1	Salt Lake	136.208	136.208	.02	40.73891	-111.67109
1	Salt Lake	136.228	136.228	.021	40.7389	-111.67072
1	Salt Lake	136.249	136.249	.02	40.7389	-111.67034
1	Salt Lake	136.269	136.269	.039	40.73892	-111.66998
1	Salt Lake	136.308	136.308	.039	40.73901	-111.66928
1	Salt Lake	136.347	136.347	.038	40.73915	-111.66859
1	Salt Lake	136.385	136.385	.042	40.73935	-111.66794
1	Salt Lake	136.427	136.427	.013	40.73961	-111.66725
1	Salt Lake	136.44	136.44	.157	40.73971	-111.66705
1	Salt Lake	136.597	136.597	.149	40.74089	-111.66448
1	Salt Lake	136.746	136.746	.055	40.74204	-111.66198
1	Salt Lake	136.801	136.801	.038	40.74245	-111.66105
1	Salt Lake	136.838	136.838	.038	40.74272	-111.6604
1	Salt Lake	136.876	136.876	.038	40.74296	-111.65973
1	Salt Lake	136.914	136.914	.026	40.74318	-111.65905
1	Salt Lake	136.94	136.94	.037	40.74331	-111.65856
1	Salt Lake	136.977	136.977	.033	40.74348	-111.6579
1	Salt Lake	137.009	137.009	.021	40.74362	-111.65731
1	Salt Lake	137.03	137.03	.035	40.74369	-111.65692
1	Salt Lake	137.066	137.066	.018	40.7438	-111.65627
1	Salt Lake	137.084	137.084	.053	40.74385	-111.65593
1	Salt Lake	137.137	137.137	.05	40.74397	-111.65494
1	Salt Lake	137.187	137.187	.064	40.74407	-111.65401
1	Salt Lake	137.251	137.251	.032	40.74421	-111.65281
1	Salt Lake	137.283	137.283	.05	40.74431	-111.65222
1	Salt Lake	137.333	137.333	.035	40.7445	-111.65131
1	Salt Lake	137.368	137.368	.035	40.74466	-111.65068
1	Salt Lake	137.403	137.403	.091	40.74485	-111.65006
1	Salt Lake	137.494	137.494	.03	40.74542	-111.64851
1	Salt Lake	137.524	137.524	.034	40.7456	-111.648
1	Salt Lake	137.558	137.558	.03	40.74581	-111.64742
1	Salt Lake	137.588	137.588	.034	40.74598	-111.64689
1	Salt Lake	137.622	137.622	.019	40.74615	-111.64629
1	Salt Lake	137.641	137.641	.031	40.74624	-111.64596
1	Salt Lake	137.671	137.671	.025	40.74638	-111.64541
1	Salt Lake	137.696	137.696	.056	40.74648	-111.64496
1	Salt Lake	137.752	137.752	.037	40.74668	-111.64393
1	Salt Lake	137.79	137.79	.044	40.7468	-111.64324
1	Salt Lake	137.833	137.833	.146	40.74692	-111.64243
1	Salt Lake	137.98	137.98	.063	40.74735	-111.63972
1	Salt Lake	138.043	138.043	.03	40.74754	-111.63855
1	Salt Lake	138.073	138.073	.024	40.74765	-111.638
1	Salt Lake	138.097	138.097	.048	40.74775	-111.63757
1	Salt Lake	138.145	138.145	.035	40.74798	-111.63671
1	Salt Lake	138.18	138.18	.034	40.74818	-111.63611
1	Salt Lake	138.214	138.214	.035	40.7484	-111.63553
1	Salt Lake	138.249	138.249	.038	40.74865	-111.63496
1	Salt Lake	138.287	138.287	.047	40.74896	-111.63436
1	Salt Lake	138.334	138.334	.066	40.74935	-111.63363
1	Salt Lake	138.4	138.4	.032	40.74992	-111.63264
1	Salt Lake	138.431	138.431	.026	40.7502	-111.63217
1	Salt Lake	138.457	138.457	.036	40.75042	-111.63178
1	Salt Lake	138.493	138.493	.052	40.75071	-111.63121
1	Salt Lake	138.545	138.545	.036	40.75111	-111.63038
1	Salt Lake	138.582	138.582	.054	40.75138	-111.62979
1	Salt Lake	138.636	138.636	.037	40.75176	-111.6289
1	Salt Lake	138.672	138.672	.036	40.75201	-111.62829
1	Salt Lake	138.709	138.709	.055	40.75224	-111.62767
1	Salt Lake	138.764	138.764	.035	40.75256	-111.62672
1	Salt Lake	138.799	138.799	.037	40.75275	-111.6261
1	Salt Lake	138.836	138.836	.054	40.75294	-111.62545
1	Salt Lake	138.89	138.89	.036	40.7532	-111.62448
1	Salt Lake	138.926	138.926	.022	40.75337	-111.62383
1	Salt Lake	138.948	138.948	.033	40.75346	-111.62344
1	Salt Lake	138.981	138.981	.037	40.75358	-111.62283
1	Summit	139.018	139.018	.019	40.75368	-111.62214
1	Summit	139.037	139.037	.027	40.75372	-111.62179
1	Summit	139.064	139.064	.019	40.75376	-111.62128
1	Summit	139.083	139.083	.03	40.75378	-111.62093
1	Summit	139.113	139.113	.028	40.7538	-111.62036
1	Summit	139.141	139.141	.026	40.75379	-111.61983
1	Summit	139.168	139.168	.032	40.75377	-111.61933
1	Summit	139.2	139.2	.02	40.75372	-111.61872
1	Summit	139.22	139.22	.023	40.75368	-111.61834
1	Summit	139.243	139.243	.035	40.75362	-111.61791
1	Summit	139.279	139.279	.017	40.7535	-111.61726
1	Summit	139.296	139.296	.024	40.75343	-111.61695
1	Summit	139.32	139.32	.023	40.75333	-111.61652
1	Summit	139.343	139.343	.017	40.75322	-111.61611
1	Summit	139.36	139.36	.04	40.75313	-111.61581
1	Summit	139.4	139.4	.035	40.75288	-111.61512
1	Summit	139.435	139.435	.024	40.75265	-111.61453
1	Summit	139.459	139.459	.057	40.75246	-111.61412
1	Summit	139.516	139.516	.076	40.75201	-111.61315
1	Summit	139.592	139.592	.077	40.75141	-111.61187
1	Summit	139.669	139.669	.048	40.75085	-111.61053
1	Summit	139.718	139.718	.033	40.75054	-111.60966
1	Summit	139.751	139.751	.041	40.75036	-111.60904
1	Summit	139.792	139.792	.02	40.75017	-111.60827
1	Summit	139.812	139.812	.036	40.75009	-111.60789
1	Summit	139.848	139.848	.04	40.74996	-111.60719
1	Summit	139.888	139.888	.041	40.74985	-111.60642
1	Summit	139.928	139.928	.06	40.74978	-111.60562
1	Summit	139.988	139.988	.06	40.74975	-111.60444
1	Summit	140.048	140.048	.041	40.74978	-111.60325
1	Summit	140.089	140.089	.021	40.74985	-111.60244
1	Summit	140.11	140.11	.042	40.7499	-111.60203
1	Summit	140.152	140.152	.043	40.75002	-111.60125
1	Summit	140.195	140.195	.043	40.75017	-111.60047
1	Summit	140.238	140.238	.042	40.75036	-111.5997
1	Summit	140.28	140.28	.043	40.75058	-111.59896
1	Summit	140.323	140.323	.063	40.75083	-111.59822
1	Summit	140.387	140.387	.042	40.75125	-111.59717
1	Summit	140.429	140.429	.104	40.75154	-111.59647
1	Summit	140.533	140.533	.083	40.75225	-111.59475
1	Summit	140.616	140.616	.082	40.75282	-111.59339
1	Summit	140.698	140.698	.105	40.75338	-111.59204
1	Summit	140.803	140.803	.084	40.7541	-111.59031
1	Summit	140.887	140.887	.047	40.75467	-111.58893
1	Summit	140.934	140.934	.037	40.75497	-111.58814
1	Summit	140.971	140.971	.026	40.75518	-111.58751
1	Summit	140.997	140.997	.046	40.75532	-111.58705
1	Summit	141.043	141.043	.029	40.75553	-111.58624
1	Summit	141.072	141.072	.043	40.75565	-111.58571
1	Summit	141.115	141.115	.041	40.75579	-111.58492
1	Summit	141.157	141.157	.028	40.7559	-111.58416
1	Summit	141.184	141.184	.033	40.75596	-111.58365
1	Summit	141.217	141.217	.039	40.756	-111.58304
1	Summit	141.256	141.256	.04	40.75603	-111.5823
1	Summit	141.296	141.296	.039	40.75604	-111.58155
1	Summit	141.336	141.336	.041	40.75602	-111.58081
1	Summit	141.377	141.377	.029	40.75598	-111.58004
1	Summit	141.406	141.406	.03	40.75593	-111.5795
1	Summit	141.436	141.436	.024	40.75586	-111.57894
1	Summit	141.46	141.46	.021	40.75579	-111.57849
1	Summit	141.481	141.481	.117	40.75572	-111.57811
1	Summit	141.599	141.599	.041	40.75521	-111.57601
1	Summit	141.64	141.64	.02	40.75499	-111.5753
1	Summit	141.66	141.66	.04	40.75486	-111.57496
1	Summit	141.7	141.7	.021	40.75459	-111.57429
1	Summit	141.721	141.721	.04	40.75445	-111.57395
1	Summit	141.761	141.761	.02	40.75415	-111.57331
1	Summit	141.781	141.781	.039	40.75399	-111.573
1	Summit	141.82	141.82	.025	40.75367	-111.5724
1	Summit	141.845	141.845	.05	40.75344	-111.57203
1	Summit	141.895	141.895	.038	40.75295	-111.5713
1	Summit	141.933	141.933	.02	40.75256	-111.57077
1	Summit	141.953	141.953	.037	40.75235	-111.57051
1	Summit	141.99	141.99	.055	40.75195	-111.57002
1	Summit	142.045	142.045	.054	40.75131	-111.56936
1	Summit	142.099	142.099	.184	40.75067	-111.56875
1	Summit	142.283	142.283	.13	40.74847	-111.56668
1	Summit	142.413	142.413	.122	40.74692	-111.5652
1	Summit	142.535	142.535	.205	40.74546	-111.56382
1	Summit	142.74	142.74	.414	40.74301	-111.5615
1	Summit	143.154	143.154	.306	40.73771	-111.55649
1	Summit	143.46	143.46	.215	40.73381	-111.55275
1	Summit	143.675	143.675	.064	40.73142	-111.55049
1	Summit	143.739	143.739	.062	40.73071	-111.54981
1	Summit	143.801	143.801	.039	40.73005	-111.54909
1	Summit	143.84	143.84	.044	40.72967	-111.54859
1	Summit	143.884	143.884	.06	40.72927	-111.548
1	Summit	143.944	143.944	.106	40.72878	-111.54712
1	Summit	144.051	144.051	.084	40.72801	-111.54549
1	Summit	144.135	144.135	.038	40.7274	-111.5442
1	Summit	144.173	144.173	.003	40.72713	-111.54361
1	Summit	144.176	144.176	.007	40.72711	-111.54356
1	Summit	144.183	144.183	.057	40.72706	-111.54346
1	Summit	144.24	144.24	.082	40.72662	-111.54261
1	Summit	144.322	144.322	.04	40.72602	-111.54125
1	Summit	144.362	144.362	.064	40.72574	-111.5406
1	Summit	144.426	144.426	.042	40.72537	-111.5395
1	Summit	144.468	144.468	.043	40.72516	-111.53876
1	Summit	144.511	144.511	.094	40.72497	-111.538
1	Summit	144.605	144.605	.129	40.72455	-111.53632
1	Summit	144.734	144.734	.084	40.72399	-111.53402
1	Summit	144.817	144.817	.191	40.72362	-111.53252
1	Summit	145.008	145.008	.007	40.72276	-111.52912
1	Summit	145.015	145.015	.165	40.72273	-111.52899
1	Summit	145.18	145.18	.045	40.722	-111.52604
1	Summit	145.226	145.226	.036	40.72181	-111.52523
1	Summit	145.262	145.262	.029	40.72167	-111.52458
1	Summit	145.291	145.291	.03	40.72158	-111.52404
1	Summit	145.321	145.321	.037	40.72151	-111.52348
1	Summit	145.358	145.358	.032	40.72146	-111.52279
1	Summit	145.39	145.39	.033	40.72144	-111.52219
1	Summit	145.423	145.423	.038	40.72145	-111.52156
1	Summit	145.461	145.461	.042	40.7215	-111.52086
1	Summit	145.503	145.503	.042	40.72158	-111.5201
1	Summit	145.545	145.545	.02	40.72171	-111.51935
1	Summit	145.565	145.565	.04	40.72179	-111.519
1	Summit	145.605	145.605	.04	40.72198	-111.5183
1	Summit	145.645	145.645	.04	40.7222	-111.51762
1	Summit	145.685	145.685	.04	40.72246	-111.51697
1	Summit	145.725	145.725	.052	40.72274	-111.51633
1	Summit	145.777	145.777	.057	40.72312	-111.51552
1	Summit	145.834	145.834	.105	40.72354	-111.51463
1	Summit	145.939	145.939	.042	40.7243	-111.51298
1	Summit	145.981	145.981	.027	40.72461	-111.51232
1	Summit	146.008	146.008	.015	40.72481	-111.51189
1	Summit	146.023	146.023	.043	40.72492	-111.51166
1	Summit	146.065	146.065	.132	40.72523	-111.51099
1	Summit	146.197	146.197	.061	40.72619	-111.50892
1	Summit	146.258	146.258	.149	40.72665	-111.50797
1	Summit	146.407	146.407	.11	40.72773	-111.50563
1	Summit	146.517	146.517	.137	40.72853	-111.50389
1	Summit	146.654	146.654	.022	40.72953	-111.50174
1	Summit	146.677	146.677	.103	40.72969	-111.50139
1	Summit	146.78	146.78	.135	40.73044	-111.49976
1	Summit	146.915	146.915	.057	40.73147	-111.49758
1	Summit	146.971	146.971	.156	40.7319	-111.49666
1	Summit	147.128	147.128	.115	40.73307	-111.49411
1	Summit	147.242	147.242	.155	40.73394	-111.49225
1	Summit	147.397	147.397	.193	40.7351	-111.48972
1	Summit	147.59	147.59	.091	40.73656	-111.48658
1	Summit	147.681	147.681	.254	40.73724	-111.48509
1	Summit	147.935	147.935	.091	40.73915	-111.48096
1	Summit	148.026	148.026	.092	40.73984	-111.47948
1	Summit	148.118	148.118	.056	40.74055	-111.47799
1	Summit	148.174	148.174	.058	40.74101	-111.47711
1	Summit	148.232	148.232	.076	40.7415	-111.47622
1	Summit	148.308	148.308	.057	40.74218	-111.47507
1	Summit	148.365	148.365	.101	40.74271	-111.47424
1	Summit	148.466	148.466	.038	40.74368	-111.47281
1	Summit	148.504	148.504	.027	40.74406	-111.47229
1	Summit	148.53	148.53	.032	40.74434	-111.47194
1	Summit	148.563	148.563	.022	40.74471	-111.47156
1	Summit	148.585	148.585	.028	40.74499	-111.47134
1	Summit	148.613	148.613	.017	40.74535	-111.47111
1	Summit	148.629	148.629	.018	40.74557	-111.47098
1	Summit	148.647	148.647	.035	40.74581	-111.47087
1	Summit	148.682	148.682	.018	40.7463	-111.4707
1	Summit	148.7	148.7	.019	40.74656	-111.47064
1	Summit	148.719	148.719	.018	40.74683	-111.4706
1	Summit	148.737	148.737	.019	40.74709	-111.47058
1	Summit	148.755	148.755	.019	40.74736	-111.47058
1	Summit	148.775	148.775	.056	40.74764	-111.47061
1	Summit	148.831	148.831	.038	40.74845	-111.47074
1	Summit	148.869	148.869	.019	40.749	-111.4708
1	Summit	148.888	148.888	.018	40.74927	-111.4708
1	Summit	148.906	148.906	.019	40.74953	-111.47079
1	Summit	148.924	148.924	.018	40.7498	-111.47077
1	Summit	148.942	148.942	.019	40.75006	-111.47072
1	Summit	148.961	148.961	.018	40.75033	-111.47065
1	Summit	148.98	148.98	.037	40.75059	-111.47057
1	Summit	149.017	149.017	.036	40.75111	-111.47039
1	Summit	149.053	149.053	.036	40.75161	-111.47021
1	Summit	149.089	149.089	.053	40.75211	-111.47002
1	Summit	149.142	149.142	.018	40.75286	-111.46976
1	Summit	149.16	149.16	.017	40.75311	-111.46968
1	Summit	149.177	149.177	.017	40.75336	-111.46963
1	Summit	149.195	149.195	.018	40.75361	-111.46961
1	Summit	149.212	149.212	.015	40.75387	-111.46961
1	Summit	149.228	149.228	.011	40.75409	-111.46965
1	Summit	149.238	149.238	.018	40.75424	-111.46969
1	Summit	149.256	149.256	.018	40.75449	-111.46979
1	Summit	149.274	149.274	.019	40.75473	-111.46992
1	Summit	149.293	149.293	.019	40.75497	-111.47008
1	Summit	149.312	149.312	.046	40.7552	-111.47027
1	Summit	149.358	149.358	.03	40.75575	-111.47077
1	Summit	149.387	149.387	.016	40.75612	-111.47106
1	Summit	149.404	149.404	.017	40.75633	-111.47121
1	Summit	149.421	149.421	.016	40.75655	-111.47135
1	Summit	149.437	149.437	.016	40.75677	-111.47146
1	Summit	149.453	149.453	.017	40.757	-111.47154
1	Summit	149.47	149.47	.017	40.75724	-111.47159
1	Summit	149.487	149.487	.017	40.75748	-111.47161
1	Summit	149.504	149.504	.017	40.75773	-111.4716
1	Summit	149.521	149.521	.017	40.75797	-111.47156
1	Summit	149.538	149.538	.017	40.75821	-111.47149
1	Summit	149.555	149.555	.035	40.75845	-111.4714
1	Summit	149.59	149.59	.036	40.75893	-111.4712
1	Summit	149.626	149.626	.018	40.75943	-111.471
1	Summit	149.643	149.643	.02	40.75968	-111.47093
1	Summit	149.663	149.663	.032	40.75997	-111.47089
1	Summit	149.696	149.696	.059	40.76044	-111.47085
1	Summit	149.755	149.755	.075	40.76129	-111.47079
1	Summit	149.829	149.829	.019	40.76237	-111.47073
1	Summit	149.848	149.848	.037	40.76264	-111.47072
1	Summit	149.884	149.884	.035	40.76317	-111.47068
1	Summit	149.92	149.92	.012	40.76368	-111.47064
1	Summit	149.932	149.932	.013	40.76386	-111.47062
1	Summit	149.945	149.945	.016	40.76405	-111.47057
1	Summit	149.962	149.962	.015	40.76428	-111.47051
1	Summit	149.977	149.977	.016	40.76449	-111.47042
1	Summit	149.992	149.992	.016	40.7647	-111.47031
1	Summit	150.009	150.009	.015	40.76491	-111.47016
1	Summit	150.024	150.024	.034	40.76509	-111.47001
1	Summit	150.057	150.057	.045	40.76549	-111.46964
1	Summit	150.103	150.103	.033	40.766	-111.4691
1	Summit	150.135	150.135	.016	40.76639	-111.46874
1	Summit	150.151	150.151	.015	40.76659	-111.46859
1	Summit	150.166	150.166	.015	40.76679	-111.46847
1	Summit	150.182	150.182	.021	40.767	-111.46837
1	Summit	150.203	150.203	.019	40.7673	-111.46828
1	Summit	150.223	150.223	.02	40.76758	-111.46823
1	Summit	150.243	150.243	.019	40.76787	-111.46823
1	Summit	150.262	150.262	.025	40.76815	-111.46827
1	Summit	150.287	150.287	.021	40.7685	-111.46837
1	Summit	150.308	150.308	.03	40.76879	-111.4685
1	Summit	150.338	150.338	.022	40.76919	-111.46874
1	Summit	150.36	150.36	.014	40.76946	-111.46895
1	Summit	150.374	150.374	.023	40.76964	-111.46908
1	Summit	150.397	150.397	.02	40.76994	-111.46928
1	Summit	150.417	150.417	.028	40.77021	-111.46941
1	Summit	150.445	150.445	.014	40.7706	-111.46954
1	Summit	150.459	150.459	.014	40.7708	-111.46958
1	Summit	150.473	150.473	.015	40.771	-111.4696
1	Summit	150.488	150.488	.013	40.77122	-111.46959
1	Summit	150.501	150.501	.015	40.77141	-111.46957
1	Summit	150.516	150.516	.029	40.77162	-111.46952
1	Summit	150.544	150.544	.043	40.77202	-111.46936
1	Summit	150.587	150.587	.064	40.7726	-111.46906
1	Summit	150.651	150.651	.05	40.77347	-111.46866
1	Summit	150.701	150.701	.033	40.77418	-111.46844
1	Summit	150.734	150.734	.039	40.77465	-111.46834
1	Summit	150.774	150.774	.025	40.77522	-111.46828
1	Summit	150.799	150.799	.03	40.77558	-111.4682
1	Summit	150.829	150.829	.015	40.77601	-111.46807
1	Summit	150.844	150.844	.031	40.77622	-111.46798
1	Summit	150.875	150.875	.016	40.77662	-111.46773
1	Summit	150.891	150.891	.015	40.77681	-111.46757
1	Summit	150.905	150.905	.014	40.77697	-111.46739
1	Summit	150.919	150.919	.015	40.77712	-111.4672
1	Summit	150.935	150.935	.015	40.77727	-111.46698
1	Summit	150.95	150.95	.015	40.7774	-111.46675
1	Summit	150.965	150.965	.031	40.77751	-111.4665
1	Summit	150.996	150.996	.032	40.77771	-111.46597
1	Summit	151.028	151.028	.1	40.77787	-111.4654
1	Summit	151.128	151.128	.033	40.77836	-111.4636
1	Summit	151.161	151.161	.033	40.77854	-111.46302
1	Summit	151.194	151.194	.033	40.77876	-111.46246
1	Summit	151.227	151.227	.017	40.77901	-111.46192
1	Summit	151.244	151.244	.017	40.77915	-111.46165
1	Summit	151.262	151.262	.033	40.7793	-111.46139
1	Summit	151.295	151.295	.017	40.77962	-111.46091
1	Summit	151.312	151.312	.034	40.77979	-111.46067
1	Summit	151.346	151.346	.033	40.78015	-111.46023
1	Summit	151.38	151.38	.018	40.78054	-111.45985
1	Summit	151.397	151.397	.017	40.78075	-111.45966
1	Summit	151.414	151.414	.033	40.78096	-111.45949
1	Summit	151.447	151.447	.017	40.78138	-111.45918
1	Summit	151.465	151.465	.036	40.78161	-111.45904
1	Summit	151.501	151.501	.063	40.78209	-111.45878
1	Summit	151.563	151.563	.04	40.78294	-111.45835
1	Summit	151.603	151.603	.02	40.78345	-111.45799
1	Summit	151.624	151.624	.021	40.78369	-111.45777
1	Summit	151.644	151.644	.025	40.78391	-111.4575
1	Summit	151.669	151.669	.026	40.78415	-111.45715
1	Summit	151.695	151.695	.039	40.78438	-111.45676
1	Summit	151.734	151.734	.051	40.78472	-111.45616
1	Summit	151.786	151.786	.041	40.78517	-111.45538
1	Summit	151.827	151.827	.04	40.78555	-111.45477
1	Summit	151.867	151.867	.016	40.78595	-111.45421
1	Summit	151.883	151.883	.024	40.78613	-111.45402
1	Summit	151.907	151.907	.025	40.78641	-111.45375
1	Summit	151.932	151.932	.015	40.78672	-111.45352
1	Summit	151.947	151.947	.023	40.78692	-111.4534
1	Summit	151.97	151.97	.024	40.78724	-111.45326
1	Summit	151.994	151.994	.015	40.78758	-111.45315
1	Summit	152.01	152.01	.015	40.7878	-111.4531
1	Summit	152.025	152.025	.045	40.78802	-111.45306
1	Summit	152.07	152.07	.015	40.78867	-111.45296
1	Summit	152.085	152.085	.029	40.78889	-111.45292
1	Summit	152.114	152.114	.014	40.7893	-111.45281
1	Summit	152.129	152.129	.014	40.7895	-111.45273
1	Summit	152.143	152.143	.028	40.78969	-111.45264
1	Summit	152.171	152.171	.015	40.79005	-111.45239
1	Summit	152.185	152.185	.014	40.79023	-111.45224
1	Summit	152.199	152.199	.023	40.79039	-111.45207
1	Summit	152.222	152.222	.019	40.79063	-111.45177
1	Summit	152.242	152.242	.02	40.79081	-111.45149
1	Summit	152.261	152.261	.037	40.79098	-111.45119
1	Summit	152.298	152.298	.028	40.79131	-111.45063
1	Summit	152.327	152.327	.014	40.79158	-111.45022
1	Summit	152.341	152.341	.019	40.79173	-111.45004
1	Summit	152.36	152.36	.022	40.79195	-111.44981
1	Summit	152.382	152.382	.013	40.79223	-111.44961
1	Summit	152.395	152.395	.027	40.7924	-111.4495
1	Summit	152.422	152.422	.027	40.79277	-111.44933
1	Summit	152.449	152.449	.014	40.79315	-111.44921
1	Summit	152.463	152.463	.028	40.79335	-111.44917
1	Summit	152.491	152.491	.021	40.79375	-111.44908
1	Summit	152.512	152.512	.021	40.79405	-111.44899
1	Summit	152.533	152.533	.015	40.79434	-111.44888
1	Summit	152.548	152.548	.03	40.79454	-111.44877
1	Summit	152.578	152.578	.048	40.79493	-111.44852
1	Summit	152.626	152.626	.032	40.79554	-111.44808
1	Summit	152.658	152.658	.033	40.79594	-111.44777
1	Summit	152.691	152.691	.016	40.79636	-111.44747
1	Summit	152.707	152.707	.031	40.79656	-111.44731
1	Summit	152.739	152.739	.016	40.79694	-111.44698
1	Summit	152.754	152.754	.067	40.79713	-111.44681
1	Summit	152.822	152.822	.043	40.79792	-111.44606
1	Summit	152.864	152.864	.043	40.7984	-111.44555
1	Summit	152.907	152.907	.044	40.79888	-111.44502
1	Summit	152.952	152.952	.133	40.79936	-111.44446
1	Summit	153.085	153.085	.091	40.80079	-111.44276
1	Summit	153.175	153.175	.09	40.80177	-111.44161
1	Summit	153.265	153.265	.043	40.80274	-111.44047
1	Summit	153.308	153.308	.021	40.8032	-111.43992
1	Summit	153.329	153.329	.023	40.80342	-111.43963
1	Summit	153.352	153.352	.015	40.80362	-111.43929
1	Summit	153.367	153.367	.015	40.80375	-111.43905
1	Summit	153.382	153.382	.016	40.80386	-111.4388
1	Summit	153.398	153.398	.031	40.80396	-111.43853
1	Summit	153.429	153.429	.048	40.80413	-111.43798
1	Summit	153.477	153.477	.136	40.80439	-111.43714
1	Summit	153.612	153.612	.07	40.80515	-111.43475
1	Summit	153.682	153.682	.073	40.80554	-111.43352
1	Summit	153.755	153.755	.072	40.80592	-111.43223
1	Summit	153.826	153.826	.071	40.80626	-111.43094
1	Summit	153.897	153.897	.036	40.80655	-111.42965
1	Summit	153.933	153.933	.054	40.80669	-111.42899
1	Summit	153.987	153.987	.054	40.80687	-111.42799
1	Summit	154.041	154.041	.045	40.80703	-111.42698
1	Summit	154.086	154.086	.116	40.80716	-111.42613
1	Summit	154.202	154.202	.09	40.80744	-111.42395
1	Summit	154.292	154.292	.145	40.80767	-111.42226
1	Summit	154.437	154.437	.16	40.80804	-111.41954
1	Summit	154.597	154.597	.053	40.80845	-111.41654
1	Summit	154.649	154.649	.035	40.80857	-111.41555
1	Summit	154.684	154.684	.039	40.80863	-111.41489
1	Summit	154.723	154.723	.022	40.80866	-111.41414
1	Summit	154.745	154.745	.038	40.80865	-111.41372
1	Summit	154.783	154.783	.04	40.80861	-111.413
1	Summit	154.823	154.823	.049	40.80853	-111.41224
1	Summit	154.873	154.873	.03	40.80841	-111.41131
1	Summit	154.903	154.903	.032	40.80836	-111.41074
1	Summit	154.935	154.935	.034	40.80831	-111.41014
1	Summit	154.968	154.968	.017	40.8083	-111.4095
1	Summit	154.985	154.985	.034	40.8083	-111.40918
1	Summit	155.019	155.019	.033	40.80835	-111.40854
1	Summit	155.052	155.052	.015	40.80843	-111.40791
1	Summit	155.067	155.067	.033	40.80849	-111.40763
1	Summit	155.1	155.1	.018	40.80862	-111.40703
1	Summit	155.118	155.118	.026	40.8087	-111.4067
1	Summit	155.144	155.144	.043	40.80884	-111.40624
1	Summit	155.187	155.187	.035	40.80913	-111.40551
1	Summit	155.222	155.222	.036	40.8094	-111.40495
1	Summit	155.258	155.258	.041	40.80972	-111.4044
1	Summit	155.299	155.299	.022	40.81011	-111.40382
1	Summit	155.321	155.321	.02	40.81034	-111.40352
1	Summit	155.341	155.341	.04	40.81055	-111.40327
1	Summit	155.381	155.381	.041	40.81101	-111.4028
1	Summit	155.423	155.423	.021	40.81152	-111.40238
1	Summit	155.444	155.444	.103	40.81179	-111.40218
1	Summit	155.547	155.547	.143	40.81309	-111.4012
1	Summit	155.69	155.69	.097	40.81489	-111.39985
1	Summit	155.787	155.787	.068	40.81611	-111.39892
1	Summit	155.855	155.855	.111	40.81696	-111.39826
1	Summit	155.967	155.967	.13	40.81837	-111.39722
1	Summit	156.097	156.097	.086	40.82	-111.39597
1	Summit	156.183	156.183	.087	40.82109	-111.39516
1	Summit	156.27	156.27	.066	40.8222	-111.39439
1	Summit	156.336	156.336	.043	40.82306	-111.39385
1	Summit	156.379	156.379	.065	40.82363	-111.39352
1	Summit	156.444	156.444	.087	40.8245	-111.39305
1	Summit	156.531	156.531	.044	40.82568	-111.39245
1	Summit	156.575	156.575	.043	40.82629	-111.39218
1	Summit	156.618	156.618	.044	40.82688	-111.39192
1	Summit	156.663	156.663	.087	40.8275	-111.39169
1	Summit	156.75	156.75	.028	40.82872	-111.39125
1	Summit	156.778	156.778	.096	40.82911	-111.39112
1	Summit	156.873	156.873	.05	40.83046	-111.39069
1	Summit	156.924	156.924	.082	40.83117	-111.39047
1	Summit	157.006	157.006	.057	40.83233	-111.39011
1	Summit	157.063	157.063	.267	40.83313	-111.38986
1	Summit	157.329	157.329	.123	40.83689	-111.38867
1	Summit	157.453	157.453	.127	40.83863	-111.38813
1	Summit	157.58	157.58	.049	40.84042	-111.38756
1	Summit	157.628	157.628	.019	40.84111	-111.38735
1	Summit	157.647	157.647	.038	40.84138	-111.38728
1	Summit	157.685	157.685	.037	40.84192	-111.38717
1	Summit	157.723	157.723	.038	40.84246	-111.38711
1	Summit	157.76	157.76	.038	40.84301	-111.38709
1	Summit	157.798	157.798	.037	40.84356	-111.38712
1	Summit	157.836	157.836	.019	40.8441	-111.3872
1	Summit	157.855	157.855	.037	40.84437	-111.38725
1	Summit	157.892	157.892	.037	40.8449	-111.38738
1	Summit	157.929	157.929	.04	40.84542	-111.38756
1	Summit	157.969	157.969	.04	40.84597	-111.38781
1	Summit	158.009	158.009	.051	40.84651	-111.38809
1	Summit	158.06	158.06	.03	40.84719	-111.38845
1	Summit	158.09	158.09	.041	40.84759	-111.38867
1	Summit	158.131	158.131	.04	40.84815	-111.38893
1	Summit	158.171	158.171	.039	40.84871	-111.38913
1	Summit	158.21	158.21	.041	40.84927	-111.38926
1	Summit	158.251	158.251	.037	40.84986	-111.38931
1	Summit	158.288	158.288	.019	40.8504	-111.3893
1	Summit	158.307	158.307	.019	40.85068	-111.38927
1	Summit	158.326	158.326	.019	40.85095	-111.38922
1	Summit	158.345	158.345	.038	40.85122	-111.38916
1	Summit	158.383	158.383	.037	40.85175	-111.38899
1	Summit	158.42	158.42	.032	40.85226	-111.38877
1	Summit	158.452	158.452	.061	40.8527	-111.38855
1	Summit	158.514	158.514	.057	40.85352	-111.38809
1	Summit	158.57	158.57	.038	40.85429	-111.38771
1	Summit	158.608	158.608	.038	40.85481	-111.38749
1	Summit	158.646	158.646	.037	40.85535	-111.38732
1	Summit	158.684	158.684	.038	40.85588	-111.38718
1	Summit	158.722	158.722	.039	40.85643	-111.38707
1	Summit	158.761	158.761	.041	40.857	-111.387
1	Summit	158.803	158.803	.043	40.8576	-111.38696
1	Summit	158.846	158.846	.043	40.85822	-111.38696
1	Summit	158.888	158.888	.065	40.85884	-111.38702
1	Summit	158.953	158.953	.071	40.85977	-111.38718
1	Summit	159.024	159.024	.122	40.86078	-111.38741
1	Summit	159.146	159.146	.213	40.86253	-111.3878
1	Summit	159.359	159.359	.261	40.86558	-111.38846
1	Summit	159.62	159.62	.058	40.86931	-111.38929
1	Summit	159.678	159.678	.28	40.87014	-111.38946
1	Summit	159.959	159.959	.055	40.87415	-111.39034
1	Summit	160.014	160.014	.38	40.87494	-111.39052
1	Summit	160.394	160.394	.16	40.88038	-111.39171
1	Summit	160.555	160.555	.296	40.88267	-111.39223
1	Summit	160.851	160.851	.161	40.88691	-111.39313
1	Summit	161.012	161.012	.101	40.88921	-111.39363
1	Summit	161.113	161.113	.454	40.89066	-111.39393
1	Summit	161.567	161.567	.089	40.89717	-111.3952
1	Summit	161.656	161.656	.105	40.89845	-111.39547
1	Summit	161.762	161.762	.05	40.89995	-111.39583
1	Summit	161.812	161.812	.094	40.90066	-111.39605
1	Summit	161.906	161.906	.114	40.90198	-111.3965
1	Summit	162.02	162.02	.082	40.90356	-111.39715
1	Summit	162.102	162.102	.115	40.90468	-111.39768
1	Summit	162.217	162.217	.05	40.90623	-111.39847
1	Summit	162.267	162.267	.056	40.90691	-111.39882
1	Summit	162.323	162.323	.053	40.90766	-111.39922
1	Summit	162.376	162.376	.057	40.90838	-111.3996
1	Summit	162.433	162.433	.028	40.90913	-111.40006
1	Summit	162.461	162.461	.046	40.90949	-111.40029
1	Summit	162.507	162.507	.104	40.91009	-111.40066
1	Summit	162.611	162.611	.08	40.91142	-111.40159
1	Summit	162.691	162.691	.043	40.91244	-111.40233
1	Summit	162.734	162.734	.041	40.91298	-111.40273
1	Summit	162.775	162.775	.078	40.91349	-111.40313
1	Summit	162.853	162.853	.043	40.91445	-111.40393
1	Summit	162.896	162.896	.007	40.91497	-111.40439
1	Summit	162.904	162.904	.07	40.91506	-111.40447
1	Summit	162.974	162.974	.069	40.9159	-111.40523
1	Summit	163.043	163.043	.04	40.91671	-111.40601
1	Summit	163.083	163.083	.11	40.91717	-111.40647
1	Summit	163.193	163.193	.044	40.91845	-111.40772
1	Summit	163.237	163.237	.025	40.91897	-111.4082
1	Summit	163.262	163.262	.04	40.91928	-111.40846
1	Summit	163.302	163.302	.072	40.91977	-111.40887
1	Summit	163.374	163.374	.035	40.92069	-111.40953
1	Summit	163.409	163.409	.04	40.92115	-111.40981
1	Summit	163.449	163.449	.023	40.92169	-111.4101
1	Summit	163.472	163.472	.048	40.922	-111.41024
1	Summit	163.52	163.52	.051	40.92267	-111.41049
1	Summit	163.571	163.571	.03	40.92339	-111.4107
1	Summit	163.601	163.601	.069	40.92382	-111.4108
1	Summit	163.67	163.67	.035	40.92482	-111.41092
1	Summit	163.705	163.705	.039	40.92533	-111.41093
1	Summit	163.744	163.744	.043	40.92589	-111.4109
1	Summit	163.787	163.787	.038	40.92651	-111.41082
1	Summit	163.825	163.825	.039	40.92706	-111.41072
1	Summit	163.865	163.865	.095	40.92762	-111.41057
1	Summit	163.959	163.959	.081	40.92896	-111.41019
1	Summit	164.04	164.04	.027	40.9301	-111.40986
1	Summit	164.067	164.067	.059	40.93048	-111.40975
1	Summit	164.125	164.125	.06	40.93131	-111.4095
1	Summit	164.186	164.186	.045	40.93216	-111.40923
1	Summit	164.231	164.231	.055	40.9328	-111.40905
1	Summit	164.286	164.286	.061	40.93358	-111.40881
1	Summit	164.347	164.347	.034	40.93445	-111.40857
1	Summit	164.382	164.382	.037	40.93494	-111.40845
1	Summit	164.419	164.419	.04	40.93547	-111.40838
1	Summit	164.459	164.459	.032	40.93605	-111.40838
1	Summit	164.49	164.49	.028	40.93651	-111.40845
1	Summit	164.518	164.518	.03	40.9369	-111.40858
1	Summit	164.548	164.548	.03	40.93731	-111.40875
1	Summit	164.578	164.578	.059	40.9377	-111.40899
1	Summit	164.636	164.636	.066	40.93844	-111.40955
1	Summit	164.702	164.702	.044	40.93922	-111.41027
1	Summit	164.746	164.746	.06	40.93974	-111.41075
1	Summit	164.806	164.806	.048	40.94049	-111.41132
1	Summit	164.854	164.854	.05	40.94112	-111.41173
1	Summit	164.904	164.904	.039	40.94179	-111.41211
1	Summit	164.943	164.943	.049	40.94232	-111.41236
1	Summit	164.992	164.992	.069	40.94299	-111.41265
1	Summit	165.061	165.061	.067	40.94396	-111.413
1	Summit	165.128	165.128	.043	40.94488	-111.41339
1	Summit	165.171	165.171	.025	40.94546	-111.41369
1	Summit	165.196	165.196	.023	40.94578	-111.41393
1	Summit	165.219	165.219	.023	40.94606	-111.41417
1	Summit	165.242	165.242	.025	40.94632	-111.41445
1	Summit	165.267	165.267	.05	40.94659	-111.41476
1	Summit	165.317	165.317	.082	40.94706	-111.41549
1	Summit	165.399	165.399	.075	40.94777	-111.41675
1	Summit	165.474	165.474	.063	40.94841	-111.4179
1	Summit	165.537	165.537	.039	40.94897	-111.41886
1	Summit	165.576	165.576	.029	40.94935	-111.4194
1	Summit	165.604	165.604	.048	40.94964	-111.41979
1	Summit	165.652	165.652	.043	40.95016	-111.42039
1	Summit	165.695	165.695	.051	40.95065	-111.42091
1	Summit	165.746	165.746	.055	40.95126	-111.42145
1	Summit	165.801	165.801	.052	40.95194	-111.42199
1	Summit	165.853	165.853	.034	40.95262	-111.42241
1	Summit	165.886	165.886	.032	40.95307	-111.42266
1	Summit	165.918	165.918	.081	40.9535	-111.42287
1	Summit	165.998	165.998	.135	40.9546	-111.42339
1	Summit	166.134	166.134	.032	40.95645	-111.42426
1	Summit	166.166	166.166	.03	40.95689	-111.42448
1	Summit	166.196	166.196	.036	40.95729	-111.4247
1	Summit	166.233	166.233	.042	40.95775	-111.42504
1	Summit	166.275	166.275	.035	40.95826	-111.42548
1	Summit	166.31	166.31	.034	40.95865	-111.42591
1	Summit	166.344	166.344	.033	40.95902	-111.42635
1	Summit	166.378	166.378	.075	40.95933	-111.42684
1	Summit	166.453	166.453	.133	40.95999	-111.42799
1	Summit	166.586	166.586	.098	40.96119	-111.42999
1	Summit	166.684	166.684	.052	40.96206	-111.43146
1	Summit	166.736	166.736	.071	40.96257	-111.4322
1	Summit	166.807	166.807	.071	40.96328	-111.43318
1	Summit	166.878	166.878	.05	40.96395	-111.43421
1	Summit	166.928	166.928	.066	40.9644	-111.43495
1	Summit	166.994	166.994	.052	40.965	-111.43594
1	Summit	167.046	167.046	.037	40.96547	-111.43672
1	Summit	167.083	167.083	.029	40.96583	-111.43725
1	Summit	167.112	167.112	.025	40.96614	-111.43763
1	Summit	167.137	167.137	.028	40.96642	-111.43792
1	Summit	167.165	167.165	.025	40.96676	-111.4382
1	Summit	167.189	167.189	.047	40.96708	-111.43842
1	Summit	167.237	167.237	.038	40.96772	-111.43874
1	Summit	167.275	167.275	.031	40.96826	-111.43888
1	Summit	167.306	167.306	.039	40.96871	-111.43895
1	Summit	167.345	167.345	.034	40.96928	-111.43895
1	Summit	167.379	167.379	.033	40.96976	-111.43885
1	Summit	167.412	167.412	.021	40.97022	-111.43869
1	Summit	167.433	167.433	.019	40.97051	-111.43855
1	Summit	167.452	167.452	.022	40.97076	-111.43838
1	Summit	167.474	167.474	.025	40.97103	-111.43817
1	Summit	167.499	167.499	.031	40.97131	-111.43786
1	Summit	167.53	167.53	.044	40.97163	-111.43745
1	Summit	167.574	167.574	.078	40.97201	-111.43678
1	Summit	167.652	167.652	.061	40.97267	-111.43556
1	Summit	167.713	167.713	.025	40.9732	-111.43463
1	Summit	167.737	167.737	.088	40.97341	-111.43425
1	Summit	167.825	167.825	.083	40.97417	-111.4329
1	Summit	167.909	167.909	.209	40.9749	-111.43163
1	Summit	168.118	168.118	.064	40.97672	-111.42843
1	Summit	168.182	168.182	.281	40.97727	-111.42745
1	Summit	168.462	168.462	.226	40.97972	-111.42316
1	Summit	168.688	168.688	.087	40.98168	-111.4197
1	Summit	168.775	168.775	.103	40.98241	-111.41835
1	Summit	168.878	168.878	.063	40.98323	-111.4167
1	Summit	168.941	168.941	.055	40.9837	-111.41567
1	Summit	168.995	168.995	.097	40.98409	-111.41476
1	Summit	169.093	169.093	.046	40.98474	-111.41311
1	Summit	169.139	169.139	.076	40.98505	-111.41233
1	Summit	169.215	169.215	.053	40.98558	-111.41106
1	Summit	169.268	169.268	.107	40.98598	-111.41019
1	Summit	169.374	169.374	.061	40.98681	-111.40847
1	Summit	169.436	169.436	.057	40.98732	-111.40751
1	Summit	169.493	169.493	.039	40.98782	-111.40663
1	Summit	169.532	169.532	.101	40.98819	-111.40606
1	Summit	169.633	169.633	.066	40.98912	-111.40457
1	Summit	169.699	169.699	.011	40.98975	-111.40363
1	Summit	169.71	169.71	.067	40.98986	-111.40347
1	Summit	169.777	169.777	.063	40.99054	-111.40256
1	Summit	169.84	169.84	.096	40.9912	-111.40172
1	Summit	169.936	169.936	.09	40.99222	-111.40046
1	Summit	170.026	170.026	.052	40.99322	-111.39936
1	Summit	170.078	170.078	.075	40.99381	-111.39874
1	Summit	170.153	170.153	.064	40.99465	-111.39784
1	Summit	170.217	170.217	.035	40.99537	-111.39707
1	Summit	170.252	170.252	.06	40.99575	-111.39662
1	Summit	170.313	170.313	.047	40.99639	-111.39583
1	Summit	170.359	170.359	.052	40.9969	-111.39524
1	Summit	170.412	170.412	.071	40.99745	-111.39455
1	Summit	170.483	170.483	.053	40.99815	-111.39355
1	Summit	170.536	170.536	.123	40.99867	-111.3928
1	Summit	170.659	170.659	.12	40.99983	-111.391
1	Summit	170.779	170.779	.105	41.00096	-111.38926
1	Summit	170.884	170.884	.086	41.00194	-111.38773
1	Summit	170.97	170.97	.202	41.0028	-111.38653
1	Summit	171.172	171.172	.242	41.00489	-111.38383
1	Summit	171.414	171.414	.098	41.00741	-111.38061
1	Summit	171.512	171.512	.052	41.00844	-111.37932
1	Summit	171.564	171.564	.035	41.00897	-111.3786
1	Summit	171.6	171.6	.041	41.0093	-111.37808
1	Summit	171.641	171.641	.035	41.00963	-111.37742
1	Summit	171.676	171.676	.036	41.00986	-111.37683
1	Summit	171.712	171.712	.052	41.01003	-111.37617
1	Summit	171.764	171.764	.048	41.01022	-111.3752
1	Summit	171.813	171.813	.075	41.0104	-111.37431
1	Summit	171.887	171.887	.033	41.0107	-111.37294
1	Summit	171.92	171.92	.023	41.01086	-111.37235
1	Summit	171.943	171.943	.029	41.01099	-111.37195
1	Summit	171.972	171.972	.046	41.0112	-111.37146
1	Summit	172.018	172.018	.046	41.01158	-111.37073
1	Summit	172.065	172.065	.042	41.01204	-111.37008
1	Summit	172.106	172.106	.031	41.01249	-111.36955
1	Summit	172.137	172.137	.029	41.01286	-111.36922
1	Summit	172.166	172.166	.036	41.01321	-111.36892
1	Summit	172.202	172.202	.033	41.01369	-111.36863
1	Summit	172.235	172.235	.032	41.01414	-111.36841
1	Summit	172.268	172.268	.058	41.01459	-111.36825
1	Summit	172.325	172.325	.039	41.0154	-111.36798
1	Summit	172.365	172.365	.028	41.01595	-111.36777
1	Summit	172.393	172.393	.025	41.01633	-111.36758
1	Summit	172.418	172.418	.039	41.01667	-111.36739
1	Summit	172.457	172.457	.039	41.01716	-111.36703
1	Summit	172.496	172.496	.025	41.01765	-111.36665
1	Summit	172.522	172.522	.032	41.01794	-111.36635
1	Summit	172.554	172.554	.032	41.0183	-111.36596
1	Summit	172.586	172.586	.029	41.01864	-111.36554
1	Summit	172.615	172.615	.037	41.01893	-111.36513
1	Summit	172.652	172.652	.034	41.01926	-111.36458
1	Summit	172.685	172.685	.049	41.01955	-111.36406
1	Summit	172.735	172.735	.106	41.01994	-111.36327
1	Summit	172.841	172.841	.174	41.0207	-111.3615
1	Summit	173.015	173.015	.136	41.02192	-111.35858
1	Summit	173.151	173.151	.08	41.02287	-111.3563
1	Summit	173.231	173.231	.206	41.02338	-111.35493
1	Summit	173.437	173.437	.104	41.02472	-111.35141
1	Summit	173.54	173.54	.22	41.02538	-111.34963
1	Summit	173.76	173.76	.217	41.02681	-111.34587
1	Summit	173.977	173.977	.121	41.02822	-111.34216
1	Summit	174.098	174.098	.092	41.029	-111.34008
1	Summit	174.19	174.19	.063	41.02959	-111.33851
1	Summit	174.253	174.253	.047	41.03001	-111.33743
1	Summit	174.3	174.3	.057	41.03036	-111.33665
1	Summit	174.357	174.357	.04	41.03083	-111.33576
1	Summit	174.397	174.397	.039	41.03121	-111.33518
1	Summit	174.436	174.436	.053	41.0316	-111.33464
1	Summit	174.489	174.489	.037	41.03216	-111.33395
1	Summit	174.526	174.526	.034	41.03259	-111.33352
1	Summit	174.56	174.56	.038	41.03299	-111.33314
1	Summit	174.599	174.599	.03	41.03347	-111.33277
1	Summit	174.628	174.628	.089	41.03386	-111.33252
1	Summit	174.718	174.718	.043	41.03503	-111.3318
1	Summit	174.761	174.761	.034	41.03559	-111.33142
1	Summit	174.795	174.795	.033	41.03601	-111.33109
1	Summit	174.827	174.827	.033	41.03639	-111.33072
1	Summit	174.861	174.861	.046	41.03675	-111.33029
1	Summit	174.907	174.907	.063	41.03725	-111.3297
1	Summit	174.97	174.97	.088	41.03791	-111.32886
1	Summit	175.059	175.059	.078	41.03875	-111.32758
1	Summit	175.136	175.136	.064	41.03948	-111.32645
1	Summit	175.2	175.2	.041	41.04	-111.32544
1	Summit	175.241	175.241	.049	41.04034	-111.32479
1	Summit	175.29	175.29	.054	41.04072	-111.324
1	Summit	175.344	175.344	.067	41.04112	-111.32312
1	Summit	175.411	175.411	.051	41.04156	-111.32198
1	Summit	175.462	175.462	.073	41.04189	-111.3211
1	Summit	175.535	175.535	.077	41.04232	-111.31983
1	Summit	175.611	175.611	.123	41.04277	-111.31849
1	Summit	175.734	175.734	.066	41.04346	-111.31631
1	Summit	175.801	175.801	.041	41.04384	-111.31514
1	Summit	175.842	175.842	.043	41.04404	-111.31441
1	Summit	175.885	175.885	.047	41.04424	-111.31363
1	Summit	175.932	175.932	.086	41.04442	-111.31276
1	Summit	176.018	176.018	.082	41.04472	-111.31116
1	Summit	176.099	176.099	.055	41.045	-111.30964
1	Summit	176.155	176.155	.059	41.04519	-111.30861
1	Summit	176.214	176.214	.037	41.04542	-111.30752
1	Summit	176.251	176.251	.03	41.04561	-111.30685
1	Summit	176.281	176.281	.035	41.04575	-111.30631
1	Summit	176.316	176.316	.056	41.04598	-111.30571
1	Summit	176.372	176.372	.056	41.04635	-111.30476
1	Summit	176.428	176.428	.054	41.04679	-111.30385
1	Summit	176.482	176.482	.077	41.04726	-111.30303
1	Summit	176.559	176.559	.077	41.04797	-111.3019
1	Summit	176.636	176.636	.076	41.0487	-111.30078
1	Summit	176.712	176.712	.075	41.04945	-111.29971
1	Summit	176.787	176.787	.09	41.05026	-111.29875
1	Summit	176.877	176.877	.146	41.05128	-111.29768
1	Summit	177.023	177.023	.233	41.05297	-111.296
1	Summit	177.255	177.255	.048	41.05567	-111.29333
1	Summit	177.304	177.304	.041	41.05623	-111.29278
1	Summit	177.345	177.345	.039	41.0567	-111.2923
1	Summit	177.384	177.384	.066	41.05714	-111.29182
1	Summit	177.45	177.45	.063	41.05783	-111.29094
1	Summit	177.514	177.514	.071	41.05848	-111.29008
1	Summit	177.584	177.584	.193	41.05915	-111.28905
1	Summit	177.777	177.777	.247	41.06098	-111.28626
1	Summit	178.024	178.024	.04	41.06332	-111.28269
1	Summit	178.064	178.064	.027	41.06369	-111.2821
1	Summit	178.091	178.091	.041	41.06393	-111.28168
1	Summit	178.133	178.133	.039	41.06426	-111.28102
1	Summit	178.172	178.172	.036	41.06455	-111.28038
1	Summit	178.208	178.208	.033	41.06478	-111.27976
1	Summit	178.241	178.241	.044	41.06498	-111.27918
1	Summit	178.285	178.285	.042	41.06523	-111.27841
1	Summit	178.326	178.326	.031	41.06544	-111.27766
1	Summit	178.357	178.357	.067	41.06559	-111.2771
1	Summit	178.425	178.425	.133	41.06585	-111.27586
1	Summit	178.558	178.558	.065	41.06628	-111.27337
1	Summit	178.623	178.623	.066	41.06649	-111.27216
1	Summit	178.689	178.689	.049	41.06671	-111.27092
1	Summit	178.738	178.738	.048	41.06695	-111.27003
1	Summit	178.786	178.786	.047	41.06725	-111.26921
1	Summit	178.833	178.833	.04	41.06761	-111.26845
1	Summit	178.873	178.873	.136	41.06796	-111.26784
1	Summit	179.009	179.009	.039	41.06916	-111.26578
1	Summit	179.047	179.047	.154	41.06951	-111.2652
1	Summit	179.201	179.201	.076	41.07092	-111.26292
1	Summit	179.277	179.277	.065	41.0716	-111.26177
1	Summit	179.342	179.342	.177	41.07215	-111.26077
1	Summit	179.519	179.519	.118	41.07363	-111.25799
1	Summit	179.637	179.637	.113	41.07459	-111.25612
1	Summit	179.75	179.75	.147	41.07552	-111.25434
1	Summit	179.897	179.897	.084	41.07673	-111.25203
1	Summit	179.98	179.98	.134	41.07742	-111.25071
1	Summit	180.114	180.114	.065	41.07848	-111.24857
1	Summit	180.179	180.179	.08	41.079	-111.24753
1	Summit	180.259	180.259	.039	41.07966	-111.24626
1	Summit	180.298	180.298	.05	41.08	-111.24566
1	Summit	180.348	180.348	.073	41.08045	-111.24491
1	Summit	180.422	180.422	.044	41.08115	-111.24385
1	Summit	180.465	180.465	.078	41.08159	-111.24325
1	Summit	180.543	180.543	.074	41.08236	-111.24216
1	Summit	180.618	180.618	.071	41.08311	-111.24114
1	Summit	180.688	180.688	.051	41.08379	-111.24012
1	Summit	180.739	180.739	.041	41.08424	-111.23935
1	Summit	180.78	180.78	.034	41.08456	-111.23869
1	Summit	180.814	180.814	.047	41.08478	-111.2381
1	Summit	180.861	180.861	.036	41.08504	-111.23727
1	Summit	180.898	180.898	.074	41.0852	-111.23661
1	Summit	180.972	180.972	.056	41.08554	-111.23526
1	Summit	181.028	181.028	.019	41.08579	-111.23423
1	Summit	181.047	181.047	.036	41.08588	-111.23389
1	Summit	181.083	181.083	.038	41.08608	-111.23325
1	Summit	181.122	181.122	.044	41.08634	-111.2326
1	Summit	181.166	181.166	.059	41.08669	-111.23189
1	Summit	181.224	181.224	.12	41.0872	-111.23099
1	Summit	181.345	181.345	.079	41.0883	-111.2292
1	Summit	181.424	181.424	.081	41.08901	-111.22802
1	Summit	181.505	181.505	.068	41.08976	-111.22682
1	Summit	181.572	181.572	.064	41.0904	-111.22584
1	Summit	181.636	181.636	.067	41.09102	-111.22493
1	Summit	181.704	181.704	.04	41.09172	-111.22403
1	Summit	181.744	181.744	.086	41.09215	-111.22351
1	Summit	181.83	181.83	.118	41.09311	-111.22245
1	Summit	181.948	181.948	.083	41.09444	-111.22104
1	Summit	182.031	182.031	.069	41.09538	-111.22004
1	Summit	182.1	182.1	.063	41.09616	-111.21921
1	Summit	182.163	182.163	.047	41.09686	-111.21844
1	Summit	182.21	182.21	.046	41.09736	-111.21783
1	Summit	182.256	182.256	.063	41.09785	-111.21722
1	Summit	182.319	182.319	.096	41.09849	-111.21636
1	Summit	182.415	182.415	.058	41.09942	-111.215
1	Summit	182.473	182.473	.044	41.1	-111.2142
1	Summit	182.516	182.516	.033	41.10044	-111.2136
1	Summit	182.549	182.549	.047	41.10079	-111.21318
1	Summit	182.595	182.595	.057	41.10129	-111.21258
1	Summit	182.652	182.652	.062	41.10194	-111.21192
1	Summit	182.714	182.714	.062	41.10266	-111.21121
1	Summit	182.775	182.775	.094	41.10341	-111.21057
1	Summit	182.869	182.869	.071	41.10453	-111.20956
1	Summit	182.94	182.94	.066	41.10536	-111.20877
1	Summit	183.005	183.005	.032	41.10611	-111.20799
1	Summit	183.037	183.037	.031	41.10647	-111.2076
1	Summit	183.069	183.069	.07	41.10681	-111.2072
1	Summit	183.139	183.139	.058	41.10759	-111.20633
1	Summit	183.197	183.197	.079	41.10819	-111.20555
1	Summit	183.277	183.277	.069	41.109	-111.20447
1	Summit	183.346	183.346	.057	41.10968	-111.2035
1	Summit	183.402	183.402	.055	41.11022	-111.20268
1	Summit	183.458	183.458	.075	41.11075	-111.20188
1	Summit	183.533	183.533	.049	41.11151	-111.20085
1	Summit	183.582	183.582	.058	41.11202	-111.2002
1	Summit	183.64	183.64	.06	41.11265	-111.19945
1	Summit	183.7	183.7	.055	41.11332	-111.19872
1	Summit	183.756	183.756	.093	41.11393	-111.19803
1	Summit	183.848	183.848	.006	41.11497	-111.1969
1	Summit	183.855	183.855	.089	41.11504	-111.19682
1	Summit	183.944	183.944	.018	41.11603	-111.19572
1	Summit	183.962	183.962	.071	41.11623	-111.1955
1	Summit	184.033	184.033	.059	41.117	-111.19459
1	Summit	184.092	184.092	.043	41.1176	-111.19379
1	Summit	184.135	184.135	.053	41.11803	-111.19319
1	Summit	184.188	184.188	.079	41.11854	-111.19242
1	Summit	184.267	184.267	.073	41.11926	-111.19125
1	Summit	184.34	184.34	.055	41.11988	-111.19011
1	Summit	184.395	184.395	.059	41.12032	-111.18924
1	Summit	184.454	184.454	.051	41.12076	-111.18826
1	Summit	184.506	184.506	.022	41.12112	-111.1874
1	Summit	184.527	184.527	.036	41.12126	-111.18703
1	Summit	184.563	184.563	.091	41.1215	-111.18642
1	Summit	184.654	184.654	.032	41.12203	-111.18483
1	Summit	184.685	184.685	.033	41.12219	-111.18426
1	Summit	184.718	184.718	.075	41.12235	-111.18367
1	Summit	184.793	184.793	.043	41.12268	-111.18231
1	Summit	184.836	184.836	.046	41.12284	-111.18151
1	Summit	184.882	184.882	.079	41.12301	-111.18066
1	Summit	184.961	184.961	.052	41.12324	-111.17917
1	Summit	185.013	185.013	.03	41.12336	-111.17819
1	Summit	185.043	185.043	.039	41.1234	-111.17762
1	Summit	185.082	185.082	.052	41.12347	-111.17687
1	Summit	185.134	185.134	.069	41.12353	-111.17588
1	Summit	185.203	185.203	.051	41.12356	-111.17456
1	Summit	185.254	185.254	.04	41.12363	-111.17359
1	Summit	185.294	185.294	.039	41.12372	-111.17283
1	Summit	185.333	185.333	.037	41.12385	-111.1721
1	Summit	185.37	185.37	.039	41.12402	-111.17142
1	Summit	185.409	185.409	.057	41.12423	-111.17073
1	Summit	185.466	185.466	.052	41.1246	-111.16976
1	Summit	185.517	185.517	.131	41.125	-111.16892
1	Summit	185.648	185.648	.099	41.12602	-111.16681
1	Summit	185.747	185.747	.088	41.12679	-111.1652
1	Summit	185.836	185.836	.066	41.12748	-111.16377
1	Summit	185.901	185.901	.052	41.12799	-111.16271
1	Summit	185.953	185.953	.049	41.12839	-111.16187
1	Summit	186.002	186.002	.05	41.1288	-111.16111
1	Summit	186.052	186.052	.058	41.12926	-111.16036
1	Summit	186.11	186.11	.032	41.12983	-111.15955
1	Summit	186.142	186.142	.011	41.13016	-111.15913
1	Summit	186.153	186.153	.046	41.13028	-111.15898
1	Summit	186.199	186.199	.057	41.13078	-111.1584
1	Summit	186.256	186.256	.063	41.13144	-111.15773
1	Summit	186.32	186.32	.038	41.13222	-111.15709
1	Summit	186.358	186.358	.039	41.13269	-111.15671
1	Summit	186.396	186.396	.036	41.13319	-111.15638
1	Summit	186.432	186.432	.108	41.13367	-111.15609
1	Summit	186.54	186.54	.082	41.13509	-111.15523
1	Summit	186.623	186.623	.083	41.13617	-111.15456
1	Summit	186.705	186.705	.106	41.13726	-111.15389
1	Summit	186.811	186.811	.1	41.13865	-111.15303
1	Summit	186.911	186.911	.105	41.13996	-111.15223
1	Summit	187.016	187.016	.108	41.14134	-111.15138
1	Summit	187.124	187.124	.081	41.14276	-111.1505
1	Summit	187.205	187.205	.106	41.14382	-111.14985
1	Summit	187.311	187.311	.089	41.14522	-111.14899
1	Summit	187.4	187.4	.103	41.14639	-111.14829
1	Summit	187.503	187.503	.126	41.14774	-111.14744
1	Summit	187.629	187.629	.048	41.1494	-111.14643
1	Summit	187.677	187.677	.013	41.15003	-111.14604
1	Summit	187.69	187.69	.082	41.1502	-111.14594
1	Summit	187.772	187.772	.017	41.1513	-111.14532
1	Summit	187.789	187.789	.037	41.15152	-111.14519
1	Summit	187.825	187.825	.018	41.15202	-111.14496
1	Summit	187.844	187.844	.052	41.15227	-111.14484
1	Summit	187.896	187.896	.023	41.15299	-111.14452
1	Summit	187.919	187.919	.095	41.15331	-111.14438
1	Summit	188.014	188.014	.055	41.15463	-111.14385
1	Summit	188.069	188.069	.1	41.15539	-111.14354
1	Summit	188.17	188.17	.032	41.15677	-111.14293
1	Summit	188.201	188.201	.057	41.15719	-111.14269
1	Summit	188.259	188.259	.047	41.15794	-111.14221
1	Summit	188.306	188.306	.067	41.15855	-111.14179
1	Summit	188.373	188.373	.057	41.15939	-111.14116
1	Summit	188.43	188.43	.058	41.16009	-111.14057
1	Summit	188.487	188.487	.101	41.1608	-111.13999
1	Summit	188.589	188.589	.044	41.16205	-111.13897
1	Summit	188.633	188.633	.046	41.16259	-111.13853
1	Summit	188.678	188.678	.054	41.16317	-111.13811
1	Summit	188.732	188.732	.049	41.16388	-111.13768
1	Summit	188.781	188.781	.053	41.16454	-111.13734
1	Summit	188.833	188.833	.05	41.16527	-111.13705
1	Summit	188.884	188.884	.048	41.16598	-111.13684
1	Summit	188.931	188.931	.092	41.16666	-111.13669
1	Summit	189.023	189.023	.109	41.16798	-111.13648
1	Summit	189.132	189.132	.075	41.16955	-111.13623
1	Summit	189.207	189.207	.089	41.17063	-111.13602
1	Summit	189.297	189.297	.062	41.1719	-111.13568
1	Summit	189.359	189.359	.062	41.17278	-111.13542
1	Summit	189.421	189.421	.104	41.17365	-111.13512
1	Summit	189.525	189.525	.096	41.1751	-111.13454
1	Summit	189.621	189.621	.104	41.17642	-111.13398
1	Summit	189.725	189.725	.114	41.17785	-111.13337
1	Summit	189.839	189.839	.088	41.17943	-111.1327
1	Summit	189.927	189.927	.063	41.18065	-111.1322
1	Summit	189.99	189.99	.062	41.18152	-111.13182
1	Summit	190.053	190.053	.051	41.18238	-111.13145
1	Summit	190.104	190.104	.022	41.18309	-111.13116
1	Summit	190.126	190.126	.027	41.18339	-111.131
1	Summit	190.153	190.153	.041	41.18375	-111.13079
1	Summit	190.194	190.194	.034	41.18427	-111.13041
1	Summit	190.228	190.228	.033	41.18468	-111.13006
1	Summit	190.261	190.261	.031	41.18506	-111.12968
1	Summit	190.291	190.291	.037	41.18539	-111.12929
1	Summit	190.328	190.328	.045	41.18578	-111.1288
1	Summit	190.373	190.373	.036	41.18621	-111.12816
1	Summit	190.409	190.409	.049	41.18651	-111.12759
1	Summit	190.458	190.458	.076	41.18687	-111.12679
1	Summit	190.534	190.534	.044	41.18741	-111.12551
1	Summit	190.578	190.578	.082	41.18772	-111.12478
1	Summit	190.66	190.66	.07	41.18828	-111.12339
1	Summit	190.73	190.73	.055	41.18877	-111.12222
1	Summit	190.785	190.785	.034	41.18919	-111.12132
1	Summit	190.819	190.819	.041	41.18946	-111.12077
1	Summit	190.86	190.86	.038	41.18983	-111.12016
1	Summit	190.897	190.897	.051	41.1902	-111.11963
1	Summit	190.948	190.948	.045	41.19073	-111.11896
1	Summit	190.993	190.993	.076	41.19125	-111.11843
1	Summit	191.07	191.07	.065	41.19213	-111.11754
1	Summit	191.134	191.134	.097	41.19287	-111.11678
1	Summit	191.231	191.231	.114	41.19399	-111.11566
1	Summit	191.345	191.345	.108	41.1953	-111.11434
1	Summit	191.453	191.453	.05	41.19652	-111.11303
1	Summit	191.503	191.503	.067	41.19707	-111.11241
1	Summit	191.57	191.57	.094	41.1978	-111.11156
1	Summit	191.664	191.664	.074	41.19882	-111.11036
1	Summit	191.738	191.738	.103	41.1996	-111.10939
1	Summit	191.841	191.841	.092	41.20069	-111.10804
1	Summit	191.932	191.932	.02	41.20168	-111.10687
1	Summit	191.953	191.953	.078	41.2019	-111.10661
1	Summit	192.031	192.031	.14	41.20275	-111.10561
1	Summit	192.171	192.171	.115	41.20428	-111.10384
1	Summit	192.286	192.286	.112	41.20553	-111.10237
1	Summit	192.398	192.398	.184	41.20674	-111.10094
1	Summit	192.582	192.582	.057	41.20873	-111.09859
1	Summit	192.64	192.64	.027	41.20937	-111.09789
1	Summit	192.666	192.666	.043	41.20967	-111.09757
1	Summit	192.709	192.709	.04	41.21019	-111.09712
1	Summit	192.749	192.749	.043	41.21068	-111.09672
1	Summit	192.792	192.792	.048	41.21123	-111.09632
1	Summit	192.84	192.84	.023	41.21186	-111.09595
1	Summit	192.862	192.862	.193	41.21217	-111.09579
1	Summit	193.055	193.055	.167	41.21479	-111.0945
1	Summit	193.222	193.222	.08	41.21706	-111.09339
1	Summit	193.302	193.302	.071	41.21815	-111.09288
1	Summit	193.373	193.373	.174	41.21911	-111.0924
1	Summit	193.547	193.547	.06	41.22148	-111.09125
1	Summit	193.607	193.607	.067	41.22229	-111.09084
1	Summit	193.673	193.673	.071	41.22318	-111.09034
1	Summit	193.744	193.744	.066	41.22409	-111.0897
1	Summit	193.81	193.81	.083	41.22491	-111.08905
1	Summit	193.893	193.893	.196	41.22589	-111.08812
1	Summit	194.089	194.089	.154	41.22819	-111.08592
1	Summit	194.243	194.243	.389	41.23001	-111.08421
1	Summit	194.632	194.632	.252	41.23458	-111.07984
1	Summit	194.884	194.884	.184	41.23756	-111.07704
1	Summit	195.068	195.068	.256	41.23972	-111.07496
1	Summit	195.324	195.324	.131	41.24273	-111.0721
1	Summit	195.455	195.455	.065	41.24427	-111.07063
1	Summit	195.52	195.52	.059	41.24502	-111.06986
1	Summit	195.579	195.579	.092	41.24565	-111.06908
1	Summit	195.671	195.671	.087	41.24656	-111.06779
1	Summit	195.759	195.759	.048	41.24732	-111.06645
1	Summit	195.807	195.807	.037	41.24769	-111.06567
1	Summit	195.843	195.843	.039	41.24797	-111.06507
1	Summit	195.882	195.882	.053	41.24823	-111.06441
1	Summit	195.935	195.935	.052	41.24855	-111.06349
1	Summit	195.987	195.987	.035	41.24883	-111.06257
1	Summit	196.022	196.022	.046	41.249	-111.06193
1	Summit	196.068	196.068	.045	41.2492	-111.06108
1	Summit	196.113	196.113	.039	41.24934	-111.06024
1	Summit	196.152	196.152	.047	41.24947	-111.05951
1	Summit	196.199	196.199	.046	41.24956	-111.05862
1	Summit	196.244	196.244	.038	41.24963	-111.05775
1	Summit	196.282	196.282	.039	41.24966	-111.05702
1	Summit	196.321	196.321	.049	41.24969	-111.05627
1	Summit	196.371	196.371	.06	41.24967	-111.05532
1	Summit	196.431	196.431	.056	41.24957	-111.05417
1	Summit	196.487	196.487	.049	41.24946	-111.0531
1	Summit	196.537	196.537	.034	41.24932	-111.05217
1	Summit	196.571	196.571	.037	41.24918	-111.05154
1	Summit	196.608	196.608	.041	41.24903	-111.05086
1	Summit	196.649	196.649	.05	41.24883	-111.05011
1	Summit	196.699	196.699	.044	41.24857	-111.04921
1	Summit	196.744	196.744	.041	41.24829	-111.04845
1	Summit	196.785	196.785	.063	41.24803	-111.04774
