District	County	State PM	Abs PM	Length	Latitude	Longitude
1	Summit	196.646	196.646	.039	41.24834	-111.0473
1	Summit	196.585	196.585	.061	41.24872	-111.04835
1	Summit	196.541	196.541	.044	41.24898	-111.04913
1	Summit	196.509	196.509	.032	41.24914	-111.04971
1	Summit	196.45	196.45	.058	41.24941	-111.05077
1	Summit	196.392	196.392	.058	41.24964	-111.05184
1	Summit	196.329	196.329	.063	41.24982	-111.05303
1	Summit	196.27	196.27	.06	41.24995	-111.05416
1	Summit	196.21	196.21	.059	41.25001	-111.0553
1	Summit	196.152	196.152	.058	41.25002	-111.05642
1	Summit	196.11	196.11	.042	41.25	-111.05722
1	Summit	196.071	196.071	.04	41.24995	-111.05798
1	Summit	196.009	196.009	.061	41.24983	-111.05915
1	Summit	195.942	195.942	.067	41.24964	-111.06041
1	Summit	195.914	195.914	.028	41.24955	-111.06093
1	Summit	195.857	195.857	.058	41.2493	-111.06199
1	Summit	195.771	195.771	.085	41.24885	-111.06352
1	Summit	195.73	195.73	.041	41.2486	-111.06423
1	Summit	195.696	195.696	.035	41.24837	-111.06482
1	Summit	195.629	195.629	.067	41.24788	-111.06593
1	Summit	195.576	195.576	.053	41.24745	-111.06677
1	Summit	195.519	195.519	.057	41.24696	-111.06765
1	Summit	195.479	195.479	.04	41.24658	-111.06822
1	Summit	195.418	195.418	.061	41.24597	-111.06907
1	Summit	195.359	195.359	.059	41.24534	-111.06985
1	Summit	195.292	195.292	.067	41.2446	-111.07067
1	Summit	195.214	195.214	.079	41.24369	-111.07158
1	Summit	195.156	195.156	.057	41.24301	-111.07221
1	Summit	195.02	195.02	.136	41.2414	-111.07373
1	Summit	194.883	194.883	.137	41.23979	-111.07526
1	Summit	194.321	194.321	.562	41.23317	-111.08155
1	Summit	193.995	193.995	.326	41.22933	-111.0852
1	Summit	193.796	193.796	.199	41.22698	-111.08742
1	Summit	193.675	193.675	.121	41.22556	-111.08879
1	Summit	193.595	193.595	.08	41.22459	-111.08963
1	Summit	193.527	193.527	.068	41.22373	-111.09026
1	Summit	193.504	193.504	.023	41.22343	-111.09046
1	Summit	193.414	193.414	.09	41.22224	-111.09117
1	Summit	193.314	193.314	.1	41.22088	-111.09184
1	Summit	192.846	192.846	.468	41.21451	-111.09495
1	Summit	192.674	192.674	.172	41.21217	-111.0961
1	Summit	192.628	192.628	.045	41.21156	-111.09643
1	Summit	192.582	192.582	.046	41.21096	-111.09682
1	Summit	192.537	192.537	.046	41.21039	-111.09726
1	Summit	192.494	192.494	.043	41.20988	-111.09772
1	Summit	192.441	192.441	.053	41.20927	-111.09833
1	Summit	192.393	192.393	.049	41.20875	-111.09896
1	Summit	192.252	192.252	.14	41.20723	-111.10075
1	Summit	192.099	192.099	.154	41.20558	-111.10273
1	Summit	192.014	192.014	.085	41.20466	-111.10382
1	Summit	191.856	191.856	.158	41.20298	-111.10587
1	Summit	191.775	191.775	.081	41.2021	-111.1069
1	Summit	191.755	191.755	.02	41.20188	-111.10716
1	Summit	191.661	191.661	.094	41.20086	-111.10835
1	Summit	191.556	191.556	.105	41.19973	-111.1097
1	Summit	191.474	191.474	.081	41.19885	-111.11074
1	Summit	191.346	191.346	.129	41.19745	-111.11237
1	Summit	191.241	191.241	.105	41.19633	-111.11374
1	Summit	191.061	191.061	.179	41.1944	-111.11605
1	Summit	191.02	191.02	.041	41.19397	-111.11659
1	Summit	190.951	190.951	.069	41.19329	-111.11756
1	Summit	190.901	190.901	.05	41.19283	-111.1183
1	Summit	190.838	190.838	.064	41.19228	-111.11928
1	Summit	190.793	190.793	.045	41.19192	-111.11999
1	Summit	190.718	190.718	.075	41.19134	-111.12121
1	Summit	190.646	190.646	.072	41.1908	-111.12239
1	Summit	190.589	190.589	.058	41.19036	-111.12333
1	Summit	190.543	190.543	.045	41.19	-111.12406
1	Summit	190.513	190.513	.03	41.18976	-111.12454
1	Summit	190.452	190.452	.061	41.18922	-111.12546
1	Summit	190.398	190.398	.055	41.18871	-111.12626
1	Summit	190.337	190.337	.061	41.18809	-111.1271
1	Summit	190.312	190.312	.024	41.18784	-111.12743
1	Summit	190.272	190.272	.041	41.1874	-111.12795
1	Summit	190.211	190.211	.061	41.18672	-111.12869
1	Summit	190.179	190.179	.032	41.18635	-111.12906
1	Summit	190.135	190.135	.044	41.18583	-111.12954
1	Summit	190.12	190.12	.015	41.18565	-111.1297
1	Summit	190.075	190.075	.045	41.1851	-111.13017
1	Summit	190.013	190.013	.062	41.18432	-111.13075
1	Summit	189.937	189.937	.076	41.18332	-111.13137
1	Summit	189.854	189.854	.083	41.1822	-111.13195
1	Summit	189.763	189.763	.091	41.18094	-111.13249
1	Summit	189.647	189.647	.116	41.17934	-111.13316
1	Summit	189.544	189.544	.103	41.17792	-111.13377
1	Summit	189.439	189.439	.106	41.17646	-111.13438
1	Summit	189.339	189.339	.1	41.17508	-111.13496
1	Summit	189.23	189.23	.109	41.17357	-111.13556
1	Summit	189.144	189.144	.086	41.17236	-111.13596
1	Summit	189.078	189.078	.065	41.17143	-111.13621
1	Summit	189.008	189.008	.071	41.17042	-111.13646
1	Summit	188.948	188.948	.06	41.16956	-111.13663
1	Summit	188.893	188.893	.054	41.16878	-111.13675
1	Summit	188.758	188.758	.135	41.16684	-111.13709
1	Summit	188.689	188.689	.07	41.16584	-111.13728
1	Summit	188.64	188.64	.048	41.16516	-111.1375
1	Summit	188.601	188.601	.039	41.16462	-111.13773
1	Summit	188.554	188.554	.048	41.16397	-111.13804
1	Summit	188.517	188.517	.037	41.16349	-111.13834
1	Summit	188.476	188.476	.041	41.16296	-111.1387
1	Summit	188.446	188.446	.03	41.16259	-111.13899
1	Summit	188.391	188.391	.055	41.16191	-111.13955
1	Summit	188.304	188.304	.087	41.16083	-111.14043
1	Summit	188.224	188.224	.08	41.15985	-111.14124
1	Summit	188.148	188.148	.076	41.15892	-111.14201
1	Summit	188.1	188.1	.048	41.1583	-111.14243
1	Summit	188.086	188.086	.015	41.15811	-111.14255
1	Summit	188.064	188.064	.022	41.15782	-111.14273
1	Summit	187.992	187.992	.071	41.15687	-111.14327
1	Summit	187.92	187.92	.072	41.15588	-111.14372
1	Summit	187.849	187.849	.071	41.15489	-111.1441
1	Summit	187.83	187.83	.019	41.15462	-111.1442
1	Summit	187.74	187.74	.089	41.15337	-111.14466
1	Summit	187.672	187.672	.068	41.15244	-111.14507
1	Summit	187.643	187.643	.029	41.15204	-111.14527
1	Summit	187.616	187.616	.027	41.15168	-111.14545
1	Summit	187.569	187.569	.047	41.15104	-111.14578
1	Summit	187.513	187.513	.056	41.15029	-111.14619
1	Summit	187.497	187.497	.016	41.15007	-111.14631
1	Summit	187.321	187.321	.175	41.14776	-111.14772
1	Summit	187.196	187.196	.125	41.14611	-111.14873
1	Summit	187.022	187.022	.174	41.14382	-111.15013
1	Summit	186.872	186.872	.15	41.14185	-111.15134
1	Summit	186.765	186.765	.107	41.14045	-111.15221
1	Summit	186.621	186.621	.144	41.13855	-111.15337
1	Summit	186.374	186.374	.247	41.1353	-111.15536
1	Summit	186.278	186.278	.095	41.13405	-111.15614
1	Summit	186.201	186.201	.078	41.13303	-111.15678
1	Summit	186.137	186.137	.063	41.13223	-111.15737
1	Summit	186.101	186.101	.036	41.13179	-111.15774
1	Summit	186.067	186.067	.034	41.13138	-111.15811
1	Summit	186.022	186.022	.045	41.13087	-111.15865
1	Summit	185.979	185.979	.043	41.1304	-111.15919
1	Summit	185.957	185.957	.022	41.13016	-111.15947
1	Summit	185.908	185.908	.049	41.12966	-111.16014
1	Summit	185.848	185.848	.06	41.1291	-111.16103
1	Summit	185.788	185.788	.06	41.12859	-111.16196
1	Summit	185.611	185.611	.176	41.1272	-111.1648
1	Summit	185.49	185.49	.121	41.12625	-111.16675
1	Summit	185.367	185.367	.123	41.1253	-111.16874
1	Summit	185.311	185.311	.057	41.12488	-111.16967
1	Summit	185.259	185.259	.052	41.12454	-111.17055
1	Summit	185.236	185.236	.024	41.1244	-111.17097
1	Summit	185.205	185.205	.031	41.12425	-111.17153
1	Summit	185.155	185.155	.05	41.12407	-111.17245
1	Summit	185.102	185.102	.053	41.12394	-111.17345
1	Summit	185.051	185.051	.051	41.12391	-111.17442
1	Summit	184.993	184.993	.058	41.12387	-111.17553
1	Summit	184.964	184.964	.03	41.12386	-111.1761
1	Summit	184.881	184.881	.082	41.12375	-111.17767
1	Summit	184.807	184.807	.075	41.12362	-111.17909
1	Summit	184.751	184.751	.056	41.12347	-111.18015
1	Summit	184.714	184.714	.036	41.12336	-111.18083
1	Summit	184.665	184.665	.049	41.12319	-111.18175
1	Summit	184.623	184.623	.042	41.12302	-111.18253
1	Summit	184.555	184.555	.068	41.12272	-111.18377
1	Summit	184.518	184.518	.037	41.12253	-111.18443
1	Summit	184.503	184.503	.014	41.12246	-111.18469
1	Summit	184.433	184.433	.07	41.12207	-111.18593
1	Summit	184.393	184.393	.041	41.12182	-111.18664
1	Summit	184.357	184.357	.036	41.12158	-111.18725
1	Summit	184.311	184.311	.045	41.12128	-111.18802
1	Summit	184.252	184.252	.06	41.12086	-111.18902
1	Summit	184.183	184.183	.068	41.12033	-111.19013
1	Summit	184.092	184.092	.091	41.11956	-111.19155
1	Summit	184.009	184.009	.084	41.1188	-111.1928
1	Summit	183.951	183.951	.057	41.11825	-111.19362
1	Summit	183.879	183.879	.072	41.1175	-111.19458
1	Summit	183.835	183.835	.044	41.11705	-111.19518
1	Summit	183.763	183.763	.072	41.11626	-111.19608
1	Summit	183.756	183.756	.008	41.11618	-111.19618
1	Summit	183.689	183.689	.066	41.11544	-111.19699
1	Summit	183.624	183.624	.065	41.11471	-111.19779
1	Summit	183.576	183.576	.048	41.11418	-111.1984
1	Summit	183.491	183.491	.085	41.11323	-111.19943
1	Summit	183.429	183.429	.061	41.11255	-111.20019
1	Summit	183.392	183.392	.038	41.11215	-111.20068
1	Summit	183.336	183.336	.056	41.11157	-111.20142
1	Summit	183.277	183.277	.059	41.11098	-111.20224
1	Summit	183.217	183.217	.06	41.1104	-111.20309
1	Summit	183.127	183.127	.091	41.10951	-111.20437
1	Summit	183.051	183.051	.076	41.10875	-111.20542
1	Summit	182.965	182.965	.086	41.10783	-111.20653
1	Summit	182.895	182.895	.07	41.10708	-111.20743
1	Summit	182.813	182.813	.082	41.10615	-111.20841
1	Summit	182.745	182.745	.068	41.10537	-111.20921
1	Summit	182.689	182.689	.056	41.10471	-111.20983
1	Summit	182.613	182.613	.076	41.10379	-111.21063
1	Summit	182.564	182.564	.049	41.1032	-111.21115
1	Summit	182.511	182.511	.053	41.10255	-111.2117
1	Summit	182.466	182.466	.045	41.10204	-111.21223
1	Summit	182.42	182.42	.046	41.10151	-111.21277
1	Summit	182.345	182.345	.075	41.1007	-111.21372
1	Summit	182.282	182.282	.064	41.10004	-111.21458
1	Summit	182.235	182.235	.047	41.09959	-111.21525
1	Summit	182.171	182.171	.064	41.09895	-111.21614
1	Summit	182.122	182.122	.049	41.09847	-111.21683
1	Summit	182.057	182.057	.065	41.0978	-111.2177
1	Summit	181.985	181.985	.072	41.09703	-111.21862
1	Summit	181.928	181.928	.058	41.09639	-111.21933
1	Summit	181.819	181.819	.109	41.09517	-111.22065
1	Summit	181.69	181.69	.129	41.09372	-111.22221
1	Summit	181.587	181.587	.103	41.09255	-111.22345
1	Summit	181.493	181.493	.094	41.09155	-111.22467
1	Summit	181.433	181.433	.059	41.09094	-111.22547
1	Summit	181.358	181.358	.075	41.09022	-111.22655
1	Summit	181.304	181.304	.054	41.08972	-111.22735
1	Summit	181.251	181.251	.053	41.08925	-111.22815
1	Summit	181.166	181.166	.086	41.08846	-111.22942
1	Summit	181.052	181.052	.113	41.08743	-111.23111
1	Summit	181.012	181.012	.04	41.08708	-111.23173
1	Summit	180.971	180.971	.041	41.08673	-111.23237
1	Summit	180.953	180.953	.018	41.08659	-111.23265
1	Summit	180.919	180.919	.034	41.08635	-111.23322
1	Summit	180.882	180.882	.037	41.08614	-111.23387
1	Summit	180.85	180.85	.032	41.08596	-111.23444
1	Summit	180.807	180.807	.043	41.08578	-111.23522
1	Summit	180.737	180.737	.071	41.08546	-111.23651
1	Summit	180.701	180.701	.035	41.08532	-111.23716
1	Summit	180.669	180.669	.032	41.08516	-111.23774
1	Summit	180.613	180.613	.056	41.08486	-111.23873
1	Summit	180.578	180.578	.035	41.08462	-111.23933
1	Summit	180.545	180.545	.033	41.08438	-111.23988
1	Summit	180.502	180.502	.043	41.08401	-111.24055
1	Summit	180.446	180.446	.056	41.08349	-111.24137
1	Summit	180.378	180.378	.068	41.08283	-111.24233
1	Summit	180.319	180.319	.059	41.08224	-111.24316
1	Summit	180.261	180.261	.058	41.08169	-111.24399
1	Summit	180.197	180.197	.064	41.08105	-111.24488
1	Summit	180.126	180.126	.071	41.08036	-111.24588
1	Summit	180.065	180.065	.061	41.0798	-111.24679
1	Summit	179.993	179.993	.072	41.07918	-111.24791
1	Summit	179.874	179.874	.119	41.07824	-111.24982
1	Summit	179.805	179.805	.069	41.07772	-111.25094
1	Summit	179.694	179.694	.112	41.07686	-111.25275
1	Summit	179.597	179.597	.096	41.07604	-111.25424
1	Summit	179.541	179.541	.056	41.07553	-111.25508
1	Summit	179.455	179.455	.087	41.07475	-111.25638
1	Summit	179.366	179.366	.088	41.07399	-111.25774
1	Summit	179.189	179.189	.178	41.07254	-111.26055
1	Summit	179.092	179.092	.097	41.07172	-111.26206
1	Summit	178.966	178.966	.126	41.07059	-111.26395
1	Summit	178.873	178.873	.093	41.06974	-111.26534
1	Summit	178.835	178.835	.038	41.06939	-111.26589
1	Summit	178.815	178.815	.02	41.0692	-111.26618
1	Summit	178.792	178.792	.023	41.06899	-111.26652
1	Summit	178.704	178.704	.088	41.06819	-111.26783
1	Summit	178.644	178.644	.06	41.06766	-111.26874
1	Summit	178.612	178.612	.032	41.06742	-111.26927
1	Summit	178.582	178.582	.03	41.06722	-111.26979
1	Summit	178.549	178.549	.033	41.06704	-111.27037
1	Summit	178.508	178.508	.041	41.06685	-111.27111
1	Summit	178.457	178.457	.052	41.06667	-111.27207
1	Summit	178.344	178.344	.113	41.06631	-111.27418
1	Summit	178.271	178.271	.073	41.0661	-111.27555
1	Summit	178.212	178.212	.059	41.06588	-111.27664
1	Summit	178.157	178.157	.055	41.06564	-111.27764
1	Summit	178.102	178.102	.055	41.06537	-111.27864
1	Summit	178.066	178.066	.036	41.06517	-111.27928
1	Summit	178.027	178.027	.038	41.06495	-111.27995
1	Summit	177.992	177.992	.035	41.06472	-111.28055
1	Summit	177.938	177.938	.054	41.06432	-111.28145
1	Summit	177.892	177.892	.046	41.06394	-111.28217
1	Summit	177.829	177.829	.062	41.06338	-111.28311
1	Summit	177.727	177.727	.103	41.0624	-111.28459
1	Summit	177.626	177.626	.101	41.06144	-111.28605
1	Summit	177.543	177.543	.083	41.06065	-111.28724
1	Summit	177.464	177.464	.079	41.05991	-111.28839
1	Summit	177.416	177.416	.048	41.05945	-111.28908
1	Summit	177.33	177.33	.087	41.05862	-111.29033
1	Summit	177.275	177.275	.054	41.05808	-111.29109
1	Summit	177.22	177.22	.055	41.0575	-111.29182
1	Summit	177.16	177.16	.06	41.05683	-111.29256
1	Summit	177.076	177.076	.083	41.05587	-111.29353
1	Summit	176.918	176.918	.159	41.05403	-111.29535
1	Summit	176.793	176.793	.124	41.05259	-111.29678
1	Summit	176.715	176.715	.079	41.05167	-111.29768
1	Summit	176.636	176.636	.078	41.05077	-111.29859
1	Summit	176.594	176.594	.043	41.0503	-111.29912
1	Summit	176.553	176.553	.04	41.04986	-111.29963
1	Summit	176.497	176.497	.057	41.04929	-111.30041
1	Summit	176.432	176.432	.065	41.04866	-111.30133
1	Summit	176.347	176.347	.085	41.04786	-111.30257
1	Summit	176.304	176.304	.042	41.04747	-111.3032
1	Summit	176.244	176.244	.061	41.04695	-111.30414
1	Summit	176.197	176.197	.046	41.04659	-111.30489
1	Summit	176.147	176.147	.05	41.04625	-111.30573
1	Summit	176.087	176.087	.061	41.0459	-111.3068
1	Summit	176.035	176.035	.051	41.04564	-111.30772
1	Summit	175.973	175.973	.063	41.04541	-111.30888
1	Summit	175.924	175.924	.048	41.04525	-111.30978
1	Summit	175.842	175.842	.082	41.04497	-111.31131
1	Summit	175.759	175.759	.083	41.04469	-111.31285
1	Summit	175.716	175.716	.043	41.04452	-111.31365
1	Summit	175.676	175.676	.04	41.04434	-111.31438
1	Summit	175.639	175.639	.037	41.04415	-111.31504
1	Summit	175.585	175.585	.054	41.04386	-111.31601
1	Summit	175.516	175.516	.068	41.04347	-111.31721
1	Summit	175.393	175.393	.123	41.04276	-111.31937
1	Summit	175.312	175.312	.081	41.04228	-111.32079
1	Summit	175.271	175.271	.041	41.04205	-111.32152
1	Summit	175.196	175.196	.075	41.04155	-111.32279
1	Summit	175.145	175.145	.051	41.04119	-111.32364
1	Summit	175.103	175.103	.042	41.04088	-111.32433
1	Summit	175.049	175.049	.054	41.04044	-111.32519
1	Summit	174.997	174.997	.053	41.04001	-111.32602
1	Summit	174.953	174.953	.043	41.03963	-111.32668
1	Summit	174.9	174.9	.053	41.03914	-111.32747
1	Summit	174.828	174.828	.072	41.03844	-111.32849
1	Summit	174.781	174.781	.047	41.03797	-111.32915
1	Summit	174.722	174.722	.059	41.03735	-111.32993
1	Summit	174.669	174.669	.053	41.03679	-111.33063
1	Summit	174.643	174.643	.025	41.0365	-111.33092
1	Summit	174.613	174.613	.03	41.03615	-111.33127
1	Summit	174.575	174.575	.038	41.03568	-111.33165
1	Summit	174.425	174.425	.15	41.03376	-111.333
1	Summit	174.382	174.382	.043	41.03322	-111.33342
1	Summit	174.337	174.337	.045	41.03268	-111.33389
1	Summit	174.295	174.295	.042	41.0322	-111.3344
1	Summit	174.259	174.259	.036	41.0318	-111.33484
1	Summit	174.214	174.214	.045	41.03134	-111.33545
1	Summit	174.174	174.174	.04	41.03095	-111.33602
1	Summit	174.138	174.138	.036	41.03064	-111.33657
1	Summit	174.107	174.107	.031	41.03039	-111.33706
1	Summit	174.052	174.052	.055	41.02999	-111.33797
1	Summit	173.98	173.98	.072	41.02952	-111.33921
1	Summit	173.763	173.763	.217	41.02812	-111.34292
1	Summit	173.55	173.55	.213	41.02673	-111.34657
1	Summit	173.401	173.401	.149	41.02577	-111.34912
1	Summit	173.258	173.258	.143	41.02484	-111.35156
1	Summit	173.079	173.079	.18	41.02368	-111.35464
1	Summit	173.018	173.018	.061	41.02329	-111.35568
1	Summit	172.96	172.96	.058	41.0229	-111.35667
1	Summit	172.85	172.85	.11	41.02215	-111.35852
1	Summit	172.724	172.724	.126	41.02127	-111.36064
1	Summit	172.585	172.585	.139	41.02028	-111.36296
1	Summit	172.544	172.544	.04	41.01998	-111.36362
1	Summit	172.511	172.511	.033	41.01972	-111.36415
1	Summit	172.473	172.473	.038	41.01939	-111.36474
1	Summit	172.421	172.421	.052	41.01891	-111.3655
1	Summit	172.385	172.385	.037	41.01854	-111.366
1	Summit	172.349	172.349	.036	41.01814	-111.36645
1	Summit	172.305	172.305	.044	41.01763	-111.36694
1	Summit	172.278	172.278	.027	41.0173	-111.36721
1	Summit	172.258	172.258	.02	41.01705	-111.36741
1	Summit	172.22	172.22	.038	41.01654	-111.3677
1	Summit	172.173	172.173	.047	41.0159	-111.36802
1	Summit	172.147	172.147	.025	41.01555	-111.36817
1	Summit	172.081	172.081	.066	41.01462	-111.36848
1	Summit	172.051	172.051	.03	41.0142	-111.36865
1	Summit	172.02	172.02	.031	41.01377	-111.36884
1	Summit	171.984	171.984	.036	41.0133	-111.36914
1	Summit	171.957	171.957	.026	41.01297	-111.36939
1	Summit	171.915	171.915	.042	41.01248	-111.36988
1	Summit	171.887	171.887	.028	41.01218	-111.37023
1	Summit	171.85	171.85	.037	41.01181	-111.37074
1	Summit	171.818	171.818	.033	41.01152	-111.37124
1	Summit	171.787	171.787	.031	41.01128	-111.37174
1	Summit	171.76	171.76	.026	41.01109	-111.37218
1	Summit	171.737	171.737	.023	41.01097	-111.3726
1	Summit	171.706	171.706	.03	41.01083	-111.37315
1	Summit	171.649	171.649	.057	41.01061	-111.37421
1	Summit	171.565	171.565	.084	41.01028	-111.37575
1	Summit	171.526	171.526	.039	41.01013	-111.37647
1	Summit	171.497	171.497	.029	41.00998	-111.37699
1	Summit	171.47	171.47	.028	41.00981	-111.37747
1	Summit	171.444	171.444	.026	41.00963	-111.3779
1	Summit	171.422	171.422	.022	41.00944	-111.37824
1	Summit	171.403	171.403	.019	41.00927	-111.37852
1	Summit	171.361	171.361	.042	41.00886	-111.37911
1	Summit	171.318	171.318	.043	41.00842	-111.37969
1	Summit	171.262	171.262	.056	41.00783	-111.38043
1	Summit	171.164	171.164	.098	41.00681	-111.38173
1	Summit	171.064	171.064	.1	41.00576	-111.38305
1	Summit	170.985	170.985	.079	41.00493	-111.3841
1	Summit	170.895	170.895	.09	41.00399	-111.3853
1	Summit	170.798	170.798	.097	41.00301	-111.38662
1	Summit	170.688	170.688	.111	41.00194	-111.3882
1	Summit	170.599	170.599	.088	41.00113	-111.38951
1	Summit	170.548	170.548	.051	41.00064	-111.39025
1	Summit	170.473	170.473	.075	40.99993	-111.39134
1	Summit	170.364	170.364	.109	40.99891	-111.39293
1	Summit	170.286	170.286	.078	40.99817	-111.39405
1	Summit	170.237	170.237	.05	40.99767	-111.39473
1	Summit	170.165	170.165	.072	40.99694	-111.39571
1	Summit	170.103	170.103	.062	40.99629	-111.39652
1	Summit	170.046	170.046	.057	40.99568	-111.39725
1	Summit	169.99	169.99	.057	40.99507	-111.39798
1	Summit	169.895	169.895	.095	40.99401	-111.39913
1	Summit	169.851	169.851	.044	40.99351	-111.39965
1	Summit	169.793	169.793	.058	40.99286	-111.40034
1	Summit	169.756	169.756	.038	40.99245	-111.40082
1	Summit	169.739	169.739	.016	40.99227	-111.40102
1	Summit	169.708	169.708	.031	40.99194	-111.40143
1	Summit	169.665	169.665	.044	40.99148	-111.402
1	Summit	169.627	169.627	.037	40.99108	-111.40248
1	Summit	169.579	169.579	.049	40.99058	-111.40314
1	Summit	169.523	169.523	.056	40.99002	-111.40391
1	Summit	169.511	169.511	.011	40.98991	-111.40407
1	Summit	169.453	169.453	.058	40.98936	-111.40491
1	Summit	169.375	169.375	.078	40.98863	-111.40605
1	Summit	169.3	169.3	.076	40.98796	-111.4072
1	Summit	169.253	169.253	.046	40.98757	-111.40792
1	Summit	169.223	169.223	.03	40.98731	-111.40839
1	Summit	169.14	169.14	.083	40.98665	-111.40971
1	Summit	169.08	169.08	.061	40.98618	-111.41069
1	Summit	169.041	169.041	.039	40.98589	-111.41133
1	Summit	168.921	168.921	.12	40.98506	-111.41335
1	Summit	168.827	168.827	.094	40.98441	-111.41493
1	Summit	168.737	168.737	.09	40.98373	-111.41639
1	Summit	168.668	168.668	.069	40.98317	-111.41748
1	Summit	168.621	168.621	.048	40.98277	-111.41822
1	Summit	168.444	168.444	.177	40.98124	-111.42094
1	Summit	168.314	168.314	.13	40.98011	-111.42293
1	Summit	168.207	168.207	.107	40.97918	-111.42456
1	Summit	168.08	168.08	.127	40.97807	-111.4265
1	Summit	168.002	168.002	.077	40.9774	-111.42769
1	Summit	167.94	167.94	.062	40.97685	-111.42864
1	Summit	167.736	167.736	.204	40.97508	-111.43176
1	Summit	167.634	167.634	.102	40.97419	-111.43332
1	Summit	167.563	167.563	.071	40.97359	-111.43442
1	Summit	167.538	167.538	.025	40.97338	-111.43481
1	Summit	167.481	167.481	.058	40.97289	-111.4357
1	Summit	167.4	167.4	.081	40.97218	-111.43693
1	Summit	167.353	167.353	.046	40.97172	-111.43758
1	Summit	167.342	167.342	.012	40.97161	-111.43775
1	Summit	167.312	167.312	.03	40.9713	-111.43814
1	Summit	167.284	167.284	.028	40.97098	-111.43846
1	Summit	167.265	167.265	.02	40.97073	-111.43864
1	Summit	167.24	167.24	.025	40.9704	-111.43884
1	Summit	167.209	167.209	.031	40.96997	-111.43899
1	Summit	167.185	167.185	.024	40.96964	-111.43911
1	Summit	167.156	167.156	.029	40.96922	-111.43918
1	Summit	167.126	167.126	.03	40.96878	-111.43919
1	Summit	167.094	167.094	.032	40.96832	-111.43914
1	Summit	167.057	167.057	.037	40.9678	-111.43899
1	Summit	167.028	167.028	.029	40.9674	-111.43882
1	Summit	166.991	166.991	.037	40.9669	-111.43855
1	Summit	166.97	166.97	.021	40.96663	-111.43835
1	Summit	166.939	166.939	.031	40.96625	-111.43803
1	Summit	166.902	166.902	.037	40.96584	-111.43758
1	Summit	166.847	166.847	.055	40.96529	-111.43682
1	Summit	166.768	166.768	.079	40.96455	-111.43567
1	Summit	166.708	166.708	.06	40.96398	-111.4348
1	Summit	166.619	166.619	.088	40.96315	-111.43351
1	Summit	166.535	166.535	.084	40.96232	-111.43233
1	Summit	166.476	166.476	.059	40.96174	-111.4315
1	Summit	166.376	166.376	.1	40.96079	-111.43005
1	Summit	166.293	166.293	.084	40.96	-111.42884
1	Summit	166.207	166.207	.085	40.95922	-111.42757
1	Summit	166.158	166.158	.049	40.95876	-111.42686
1	Summit	166.1	166.1	.058	40.95819	-111.42605
1	Summit	166.061	166.061	.039	40.95777	-111.42554
1	Summit	166.041	166.041	.02	40.95754	-111.42532
1	Summit	166.024	166.024	.018	40.95733	-111.42513
1	Summit	165.99	165.99	.034	40.9569	-111.42481
1	Summit	165.933	165.933	.056	40.95615	-111.42438
1	Summit	165.832	165.832	.102	40.95476	-111.42374
1	Summit	165.741	165.741	.091	40.95352	-111.42315
1	Summit	165.674	165.674	.067	40.95261	-111.42272
1	Summit	165.576	165.576	.098	40.95127	-111.42207
1	Summit	165.516	165.516	.06	40.95045	-111.42169
1	Summit	165.476	165.476	.04	40.94993	-111.42135
1	Summit	165.439	165.439	.036	40.94947	-111.42101
1	Summit	165.396	165.396	.043	40.94896	-111.42053
1	Summit	165.348	165.348	.048	40.94842	-111.41994
1	Summit	165.264	165.264	.083	40.94751	-111.41889
1	Summit	165.154	165.154	.11	40.9463	-111.41751
1	Summit	164.997	164.997	.157	40.94458	-111.41555
1	Summit	164.938	164.938	.059	40.94392	-111.41482
1	Summit	164.888	164.888	.05	40.94335	-111.41423
1	Summit	164.827	164.827	.061	40.94262	-111.41356
1	Summit	164.774	164.774	.053	40.94197	-111.41303
1	Summit	164.689	164.689	.085	40.94091	-111.41221
1	Summit	164.595	164.595	.094	40.93974	-111.4113
1	Summit	164.538	164.538	.057	40.93902	-111.41075
1	Summit	164.506	164.506	.032	40.93862	-111.41044
1	Summit	164.476	164.476	.03	40.93823	-111.41019
1	Summit	164.443	164.443	.033	40.93779	-111.40996
1	Summit	164.415	164.415	.029	40.93739	-111.4098
1	Summit	164.374	164.374	.041	40.93681	-111.40963
1	Summit	164.346	164.346	.027	40.93642	-111.40955
1	Summit	164.309	164.309	.037	40.93588	-111.40951
1	Summit	164.28	164.28	.029	40.93546	-111.4095
1	Summit	164.24	164.24	.04	40.93488	-111.40957
1	Summit	164.19	164.19	.05	40.93416	-111.4097
1	Summit	164.09	164.09	.1	40.93273	-111.41001
1	Summit	164.032	164.032	.058	40.93191	-111.41022
1	Summit	163.941	163.941	.091	40.93061	-111.41051
1	Summit	163.848	163.848	.093	40.92928	-111.41079
1	Summit	163.735	163.735	.114	40.92765	-111.41113
1	Summit	163.662	163.662	.072	40.92662	-111.41138
1	Summit	163.597	163.597	.066	40.92568	-111.41156
1	Summit	163.558	163.558	.039	40.92512	-111.41157
1	Summit	163.517	163.517	.041	40.92453	-111.41152
1	Summit	163.469	163.469	.048	40.92384	-111.4114
1	Summit	163.439	163.439	.031	40.92341	-111.41125
1	Summit	163.41	163.41	.029	40.92301	-111.4111
1	Summit	163.348	163.348	.062	40.92216	-111.41071
1	Summit	163.298	163.298	.05	40.92148	-111.41036
1	Summit	163.23	163.23	.068	40.92059	-111.40981
1	Summit	163.17	163.17	.059	40.91983	-111.40928
1	Summit	163.117	163.117	.053	40.91917	-111.40875
1	Summit	163.085	163.085	.033	40.91877	-111.40842
1	Summit	163.023	163.023	.062	40.91804	-111.40774
1	Summit	162.982	162.982	.041	40.91757	-111.40727
1	Summit	162.918	162.918	.064	40.91681	-111.40656
1	Summit	162.822	162.822	.096	40.91566	-111.40554
1	Summit	162.761	162.761	.061	40.91496	-111.40483
1	Summit	162.746	162.746	.016	40.91478	-111.40465
1	Summit	162.696	162.696	.05	40.91418	-111.40413
1	Summit	162.597	162.597	.099	40.91296	-111.40312
1	Summit	162.549	162.549	.048	40.91237	-111.40265
1	Summit	162.48	162.48	.069	40.91148	-111.40204
1	Summit	162.424	162.424	.056	40.91076	-111.40155
1	Summit	162.371	162.371	.053	40.91007	-111.40109
1	Summit	162.317	162.317	.054	40.90935	-111.40068
1	Summit	162.232	162.232	.084	40.90824	-111.4
1	Summit	162.207	162.207	.026	40.9079	-111.39979
1	Summit	162.176	162.176	.03	40.9075	-111.39955
1	Summit	162.126	162.126	.05	40.90683	-111.39919
1	Summit	162.114	162.114	.012	40.90667	-111.3991
1	Summit	162.056	162.056	.058	40.90589	-111.39869
1	Summit	162.003	162.003	.053	40.90517	-111.39832
1	Summit	161.933	161.933	.07	40.90422	-111.39784
1	Summit	161.869	161.869	.064	40.90335	-111.39743
1	Summit	161.8	161.8	.069	40.90239	-111.39703
1	Summit	161.77	161.77	.029	40.90198	-111.39688
1	Summit	161.674	161.674	.096	40.90063	-111.39641
1	Summit	161.625	161.625	.049	40.89994	-111.39619
1	Summit	161.56	161.56	.065	40.89902	-111.39592
1	Summit	161.501	161.501	.059	40.89817	-111.39573
1	Summit	161.429	161.429	.071	40.89715	-111.39551
1	Summit	161.303	161.303	.126	40.89534	-111.39517
1	Summit	161.2	161.2	.103	40.89386	-111.39493
1	Summit	161.104	161.104	.096	40.89248	-111.39466
1	Summit	161.043	161.043	.061	40.89161	-111.39449
1	Summit	160.974	160.974	.069	40.89062	-111.39429
1	Summit	160.793	160.793	.182	40.88802	-111.39375
1	Summit	160.681	160.681	.112	40.88642	-111.39336
1	Summit	160.501	160.501	.18	40.88385	-111.3928
1	Summit	160.235	160.235	.266	40.88005	-111.39196
1	Summit	160.013	160.013	.222	40.87687	-111.39126
1	Summit	159.878	159.878	.135	40.87494	-111.39084
1	Summit	159.821	159.821	.057	40.87413	-111.39066
1	Summit	159.481	159.481	.34	40.86927	-111.3896
1	Summit	159.297	159.297	.184	40.86664	-111.38902
1	Summit	159.015	159.015	.282	40.8626	-111.38814
1	Summit	158.855	158.855	.16	40.86031	-111.38764
1	Summit	158.795	158.795	.06	40.85945	-111.38747
1	Summit	158.754	158.754	.04	40.85887	-111.38736
1	Summit	158.722	158.722	.033	40.8584	-111.3873
1	Summit	158.694	158.694	.028	40.85799	-111.38729
1	Summit	158.634	158.634	.06	40.85712	-111.38733
1	Summit	158.581	158.581	.053	40.85636	-111.38742
1	Summit	158.553	158.553	.028	40.85596	-111.38749
1	Summit	158.512	158.512	.041	40.85537	-111.38764
1	Summit	158.492	158.492	.02	40.85509	-111.38773
1	Summit	158.431	158.431	.06	40.85425	-111.38806
1	Summit	158.371	158.371	.061	40.85343	-111.38847
1	Summit	158.35	158.35	.021	40.85315	-111.38863
1	Summit	158.289	158.289	.06	40.85234	-111.38907
1	Summit	158.269	158.269	.02	40.85207	-111.3892
1	Summit	158.229	158.229	.04	40.85151	-111.38942
1	Summit	158.209	158.209	.02	40.85123	-111.38951
1	Summit	158.169	158.169	.04	40.85065	-111.38963
1	Summit	158.13	158.13	.039	40.85009	-111.38966
1	Summit	158.089	158.089	.041	40.8495	-111.38964
1	Summit	158.05	158.05	.04	40.84893	-111.38955
1	Summit	158.029	158.029	.02	40.84864	-111.38948
1	Summit	157.992	157.992	.038	40.84811	-111.38929
1	Summit	157.953	157.953	.039	40.84758	-111.38903
1	Summit	157.913	157.913	.04	40.84705	-111.38874
1	Summit	157.834	157.834	.079	40.84599	-111.38817
1	Summit	157.794	157.794	.04	40.84544	-111.38791
1	Summit	157.753	157.753	.041	40.84487	-111.3877
1	Summit	157.711	157.711	.042	40.84428	-111.38754
1	Summit	157.67	157.67	.042	40.84368	-111.38743
1	Summit	157.627	157.627	.042	40.84307	-111.38739
1	Summit	157.585	157.585	.043	40.84245	-111.38739
1	Summit	157.543	157.543	.042	40.84185	-111.38745
1	Summit	157.501	157.501	.042	40.84125	-111.38756
1	Summit	157.46	157.46	.041	40.84066	-111.38771
1	Summit	157.398	157.398	.062	40.83979	-111.38799
1	Summit	157.336	157.336	.062	40.83892	-111.38827
1	Summit	157.254	157.254	.082	40.83776	-111.38864
1	Summit	157.151	157.151	.103	40.83631	-111.3891
1	Summit	157.069	157.069	.082	40.83516	-111.38948
1	Summit	156.926	156.926	.143	40.83314	-111.3901
1	Summit	156.789	156.789	.138	40.8312	-111.39071
1	Summit	156.74	156.74	.049	40.83051	-111.39093
1	Summit	156.631	156.631	.109	40.82897	-111.39141
1	Summit	156.555	156.555	.076	40.82791	-111.39177
1	Summit	156.476	156.476	.079	40.82681	-111.3922
1	Summit	156.416	156.416	.059	40.82599	-111.39255
1	Summit	156.336	156.336	.08	40.8249	-111.39307
1	Summit	156.256	156.256	.08	40.82383	-111.39366
1	Summit	156.196	156.196	.06	40.82303	-111.39412
1	Summit	156.136	156.136	.06	40.82224	-111.39462
1	Summit	156.096	156.096	.04	40.82172	-111.39497
1	Summit	156.035	156.035	.06	40.82095	-111.39552
1	Summit	155.827	155.827	.208	40.81833	-111.39749
1	Summit	155.725	155.725	.102	40.81705	-111.39846
1	Summit	155.696	155.696	.029	40.81668	-111.39874
1	Summit	155.657	155.657	.039	40.81619	-111.39911
1	Summit	155.64	155.64	.017	40.81598	-111.39927
1	Summit	155.584	155.584	.056	40.81528	-111.39982
1	Summit	155.559	155.559	.025	40.81496	-111.40005
1	Summit	155.41	155.41	.148	40.81309	-111.40145
1	Summit	155.315	155.315	.095	40.8119	-111.40235
1	Summit	155.277	155.277	.039	40.81142	-111.40274
1	Summit	155.237	155.237	.04	40.81094	-111.40317
1	Summit	155.195	155.195	.041	40.81048	-111.40367
1	Summit	155.176	155.176	.019	40.81028	-111.40392
1	Summit	155.137	155.137	.039	40.80989	-111.40447
1	Summit	155.097	155.097	.04	40.80954	-111.40508
1	Summit	155.057	155.057	.039	40.80924	-111.40572
1	Summit	155.019	155.019	.039	40.80899	-111.40638
1	Summit	154.98	154.98	.039	40.80879	-111.40707
1	Summit	154.949	154.949	.031	40.80866	-111.40763
1	Summit	154.922	154.922	.027	40.80857	-111.40813
1	Summit	154.884	154.884	.039	40.80849	-111.40886
1	Summit	154.845	154.845	.039	40.80846	-111.4096
1	Summit	154.806	154.806	.039	40.80848	-111.41034
1	Summit	154.787	154.787	.019	40.80851	-111.4107
1	Summit	154.755	154.755	.032	40.80857	-111.4113
1	Summit	154.709	154.709	.047	40.80868	-111.41218
1	Summit	154.665	154.665	.044	40.80875	-111.41301
1	Summit	154.635	154.635	.03	40.80878	-111.41359
1	Summit	154.597	154.597	.037	40.80877	-111.4143
1	Summit	154.559	154.559	.038	40.80873	-111.41502
1	Summit	154.522	154.522	.038	40.80865	-111.41573
1	Summit	154.484	154.484	.038	40.80856	-111.41644
1	Summit	154.388	154.388	.096	40.80832	-111.41825
1	Summit	154.29	154.29	.098	40.80807	-111.42009
1	Summit	154.231	154.231	.059	40.80792	-111.4212
1	Summit	154.113	154.113	.118	40.80761	-111.42341
1	Summit	154.035	154.035	.078	40.80742	-111.42487
1	Summit	153.978	153.978	.058	40.80727	-111.42595
1	Summit	153.901	153.901	.077	40.80707	-111.42739
1	Summit	153.862	153.862	.039	40.80695	-111.42811
1	Summit	153.804	153.804	.058	40.80674	-111.42919
1	Summit	153.746	153.746	.058	40.80652	-111.43025
1	Summit	153.688	153.688	.058	40.80627	-111.43131
1	Summit	153.631	153.631	.057	40.806	-111.43234
1	Summit	153.594	153.594	.037	40.80582	-111.433
1	Summit	153.558	153.558	.036	40.80562	-111.43364
1	Summit	153.503	153.503	.055	40.80531	-111.4346
1	Summit	153.43	153.43	.073	40.80491	-111.43589
1	Summit	153.376	153.376	.055	40.80461	-111.43686
1	Summit	153.304	153.304	.072	40.8042	-111.43812
1	Summit	153.281	153.281	.023	40.80408	-111.43853
1	Summit	153.256	153.256	.025	40.80392	-111.43895
1	Summit	153.231	153.231	.025	40.80373	-111.43936
1	Summit	153.207	153.207	.024	40.80351	-111.43972
1	Summit	153.177	153.177	.03	40.8032	-111.44011
1	Summit	153.048	153.048	.129	40.80181	-111.44176
1	Summit	152.934	152.934	.114	40.80058	-111.4432
1	Summit	152.878	152.878	.057	40.79997	-111.44393
1	Summit	152.785	152.785	.093	40.79897	-111.44511
1	Summit	152.711	152.711	.074	40.79815	-111.44601
1	Summit	152.655	152.655	.056	40.79749	-111.44664
1	Summit	152.599	152.599	.056	40.79683	-111.44725
1	Summit	152.544	152.544	.055	40.79615	-111.4478
1	Summit	152.471	152.471	.074	40.79522	-111.44849
1	Summit	152.415	152.415	.055	40.79452	-111.44901
1	Summit	152.361	152.361	.054	40.79384	-111.44952
1	Summit	152.307	152.307	.054	40.79316	-111.45003
1	Summit	152.271	152.271	.037	40.7927	-111.45038
1	Summit	152.235	152.235	.036	40.79228	-111.45078
1	Summit	152.217	152.217	.018	40.79209	-111.45101
1	Summit	152.181	152.181	.036	40.79176	-111.45155
1	Summit	152.145	152.145	.036	40.79147	-111.45211
1	Summit	152.11	152.11	.035	40.79115	-111.45263
1	Summit	152.092	152.092	.018	40.79097	-111.45289
1	Summit	152.075	152.075	.017	40.79078	-111.4531
1	Summit	152.053	152.053	.022	40.79051	-111.45332
1	Summit	152.025	152.025	.027	40.79015	-111.45354
1	Summit	152.008	152.008	.018	40.78991	-111.45365
1	Summit	151.975	151.975	.033	40.78944	-111.45378
1	Summit	151.942	151.942	.032	40.78898	-111.45389
1	Summit	151.909	151.909	.033	40.78851	-111.45399
1	Summit	151.877	151.877	.033	40.78806	-111.45418
1	Summit	151.844	151.844	.033	40.78762	-111.45441
1	Summit	151.812	151.812	.032	40.78722	-111.45472
1	Summit	151.777	151.777	.035	40.7868	-111.45509
1	Summit	151.743	151.743	.034	40.7864	-111.45548
1	Summit	151.69	151.69	.053	40.78578	-111.45608
1	Summit	151.654	151.654	.035	40.78539	-111.45652
1	Summit	151.617	151.617	.037	40.78504	-111.45706
1	Summit	151.563	151.563	.054	40.78458	-111.45789
1	Summit	151.545	151.545	.018	40.78442	-111.45816
1	Summit	151.528	151.528	.018	40.78425	-111.45841
1	Summit	151.492	151.492	.036	40.78385	-111.45884
1	Summit	151.474	151.474	.018	40.78364	-111.45904
1	Summit	151.457	151.457	.017	40.78342	-111.45919
1	Summit	151.44	151.44	.018	40.78318	-111.4593
1	Summit	151.421	151.421	.019	40.78292	-111.4594
1	Summit	151.386	151.386	.035	40.78243	-111.4596
1	Summit	151.348	151.348	.038	40.78191	-111.45981
1	Summit	151.312	151.312	.036	40.78143	-111.46009
1	Summit	151.276	151.276	.036	40.78098	-111.46044
1	Summit	151.24	151.24	.036	40.78057	-111.46087
1	Summit	151.203	151.203	.036	40.78019	-111.46135
1	Summit	151.167	151.167	.036	40.77983	-111.46185
1	Summit	151.13	151.13	.037	40.77949	-111.46239
1	Summit	151.094	151.094	.037	40.77919	-111.46297
1	Summit	151.057	151.057	.037	40.77893	-111.46358
1	Summit	151.02	151.02	.037	40.77872	-111.46422
1	Summit	150.984	150.984	.037	40.77854	-111.46488
1	Summit	150.949	150.949	.034	40.7784	-111.46551
1	Summit	150.915	150.915	.034	40.77826	-111.46614
1	Summit	150.898	150.898	.017	40.77818	-111.46645
1	Summit	150.881	150.881	.017	40.77809	-111.46675
1	Summit	150.863	150.863	.018	40.77797	-111.46705
1	Summit	150.846	150.846	.017	40.77784	-111.46732
1	Summit	150.83	150.83	.017	40.7777	-111.46758
1	Summit	150.813	150.813	.017	40.77753	-111.46781
1	Summit	150.784	150.784	.029	40.7772	-111.46816
1	Summit	150.761	150.761	.022	40.77692	-111.46838
1	Summit	150.745	150.745	.016	40.77671	-111.46852
1	Summit	150.727	150.727	.018	40.77647	-111.46864
1	Summit	150.711	150.711	.016	40.77624	-111.46872
1	Summit	150.693	150.693	.018	40.77599	-111.46878
1	Summit	150.659	150.659	.035	40.77549	-111.46884
1	Summit	150.644	150.644	.015	40.77528	-111.46887
1	Summit	150.59	150.59	.054	40.7745	-111.46897
1	Summit	150.556	150.556	.034	40.77401	-111.46908
1	Summit	150.522	150.522	.034	40.77354	-111.46927
1	Summit	150.508	150.508	.014	40.77335	-111.46936
1	Summit	150.469	150.469	.039	40.77283	-111.46965
1	Summit	150.433	150.433	.035	40.77237	-111.46995
1	Summit	150.404	150.404	.03	40.77198	-111.47019
1	Summit	150.382	150.382	.022	40.77168	-111.47032
1	Summit	150.35	150.35	.032	40.77123	-111.47046
1	Summit	150.331	150.331	.019	40.77095	-111.4705
1	Summit	150.314	150.314	.017	40.77071	-111.47049
1	Summit	150.297	150.297	.017	40.77047	-111.47045
1	Summit	150.28	150.28	.017	40.77023	-111.47039
1	Summit	150.262	150.262	.018	40.76998	-111.47029
1	Summit	150.246	150.246	.017	40.76975	-111.47018
1	Summit	150.228	150.228	.017	40.76952	-111.47004
1	Summit	150.194	150.194	.034	40.76909	-111.46973
1	Summit	150.177	150.177	.017	40.76887	-111.46957
1	Summit	150.16	150.16	.016	40.76865	-111.46945
1	Summit	150.144	150.144	.016	40.76843	-111.46935
1	Summit	150.128	150.128	.017	40.7682	-111.46926
1	Summit	150.111	150.111	.017	40.76796	-111.46919
1	Summit	150.096	150.096	.015	40.76774	-111.46917
1	Summit	150.079	150.079	.017	40.7675	-111.46917
1	Summit	150.059	150.059	.02	40.76721	-111.46921
1	Summit	150.042	150.042	.017	40.76697	-111.46927
1	Summit	150.026	150.026	.017	40.76674	-111.46936
1	Summit	150.008	150.008	.017	40.76651	-111.4695
1	Summit	149.982	149.982	.026	40.76618	-111.46975
1	Summit	149.948	149.948	.033	40.76579	-111.47013
1	Summit	149.905	149.905	.044	40.7653	-111.47066
1	Summit	149.882	149.882	.022	40.76504	-111.47091
1	Summit	149.865	149.865	.017	40.76483	-111.47108
1	Summit	149.849	149.849	.016	40.76462	-111.47121
1	Summit	149.832	149.832	.018	40.76438	-111.47132
1	Summit	149.82	149.82	.012	40.76421	-111.47138
1	Summit	149.802	149.802	.018	40.76396	-111.47145
1	Summit	149.784	149.784	.018	40.7637	-111.47148
1	Summit	149.763	149.763	.021	40.76339	-111.4715
1	Summit	149.727	149.727	.036	40.76287	-111.47151
1	Summit	149.691	149.691	.036	40.76235	-111.47151
1	Summit	149.654	149.654	.037	40.76182	-111.47153
1	Summit	149.618	149.618	.036	40.7613	-111.47159
1	Summit	149.582	149.582	.036	40.76078	-111.47166
1	Summit	149.545	149.545	.037	40.76025	-111.47175
1	Summit	149.491	149.491	.055	40.75947	-111.47195
1	Summit	149.437	149.437	.054	40.75871	-111.47217
1	Summit	149.398	149.398	.039	40.75816	-111.47235
1	Summit	149.378	149.378	.02	40.75788	-111.47241
1	Summit	149.359	149.359	.019	40.7576	-111.47245
1	Summit	149.341	149.341	.018	40.75734	-111.47246
1	Summit	149.323	149.323	.018	40.75708	-111.47243
1	Summit	149.305	149.305	.018	40.75682	-111.47236
1	Summit	149.287	149.287	.018	40.75657	-111.47226
1	Summit	149.269	149.269	.017	40.75634	-111.47212
1	Summit	149.251	149.251	.018	40.75611	-111.47196
1	Summit	149.216	149.216	.035	40.7557	-111.47157
1	Summit	149.179	149.179	.038	40.75527	-111.47113
1	Summit	149.16	149.16	.019	40.75505	-111.47092
1	Summit	149.142	149.142	.018	40.75483	-111.47074
1	Summit	149.124	149.124	.019	40.75459	-111.47058
1	Summit	149.106	149.106	.018	40.75435	-111.47045
1	Summit	149.086	149.086	.019	40.75408	-111.47036
1	Summit	149.068	149.068	.019	40.75381	-111.4703
1	Summit	149.049	149.049	.019	40.75354	-111.47029
1	Summit	149.03	149.03	.019	40.75327	-111.4703
1	Summit	149.011	149.011	.019	40.753	-111.47036
1	Summit	148.993	148.993	.018	40.75274	-111.47044
1	Summit	148.937	148.937	.056	40.75196	-111.47074
1	Summit	148.924	148.924	.013	40.75178	-111.47081
1	Summit	148.84	148.84	.084	40.75061	-111.47126
1	Summit	148.816	148.816	.024	40.75028	-111.4714
1	Summit	148.782	148.782	.033	40.74981	-111.47156
1	Summit	148.763	148.763	.019	40.74954	-111.47165
1	Summit	148.744	148.744	.02	40.74926	-111.47171
1	Summit	148.724	148.724	.019	40.74898	-111.47175
1	Summit	148.705	148.705	.019	40.7487	-111.47176
1	Summit	148.648	148.648	.057	40.74788	-111.47178
1	Summit	148.63	148.63	.019	40.74761	-111.47181
1	Summit	148.611	148.611	.018	40.74735	-111.47189
1	Summit	148.592	148.592	.019	40.74709	-111.472
1	Summit	148.574	148.574	.018	40.74685	-111.47214
1	Summit	148.556	148.556	.018	40.74662	-111.47231
1	Summit	148.538	148.538	.018	40.74641	-111.47251
1	Summit	148.502	148.502	.036	40.74601	-111.47296
1	Summit	148.465	148.465	.037	40.74561	-111.47343
1	Summit	148.445	148.445	.02	40.7454	-111.47368
1	Summit	148.426	148.426	.019	40.74518	-111.4739
1	Summit	148.407	148.407	.02	40.74495	-111.47412
1	Summit	148.367	148.367	.039	40.74447	-111.47452
1	Summit	148.286	148.286	.082	40.74346	-111.47533
1	Summit	148.221	148.221	.065	40.74269	-111.47605
1	Summit	148.178	148.178	.042	40.74221	-111.47655
1	Summit	148.136	148.136	.043	40.74175	-111.47709
1	Summit	148.095	148.095	.041	40.74133	-111.47765
1	Summit	148.051	148.051	.043	40.74091	-111.47826
1	Summit	148.012	148.012	.039	40.74054	-111.47883
1	Summit	147.966	147.966	.046	40.74014	-111.47953
1	Summit	147.933	147.933	.033	40.73987	-111.48005
1	Summit	147.867	147.867	.066	40.73936	-111.48111
1	Summit	147.817	147.817	.051	40.73898	-111.48194
1	Summit	147.747	147.747	.069	40.73846	-111.48307
1	Summit	147.644	147.644	.104	40.73768	-111.48476
1	Summit	147.54	147.54	.104	40.7369	-111.48645
1	Summit	147.471	147.471	.069	40.73638	-111.48757
1	Summit	147.302	147.302	.169	40.73511	-111.49032
1	Summit	147.171	147.171	.131	40.73411	-111.49245
1	Summit	147.112	147.112	.058	40.73368	-111.49341
1	Summit	147.034	147.034	.078	40.73308	-111.49468
1	Summit	146.955	146.955	.079	40.73248	-111.49597
1	Summit	146.874	146.874	.081	40.73187	-111.49729
1	Summit	146.854	146.854	.02	40.73172	-111.49761
1	Summit	146.847	146.847	.007	40.73167	-111.49772
1	Summit	146.84	146.84	.007	40.73162	-111.49784
1	Summit	146.769	146.769	.071	40.7311	-111.499
1	Summit	146.687	146.687	.082	40.73048	-111.50038
1	Summit	146.627	146.627	.06	40.73003	-111.5014
1	Summit	146.597	146.597	.03	40.7298	-111.5019
1	Summit	146.36	146.36	.237	40.72796	-111.50586
1	Summit	145.999	145.999	.361	40.72516	-111.51187
1	Summit	145.992	145.992	.007	40.7251	-111.51199
1	Summit	145.961	145.961	.031	40.72487	-111.51251
1	Summit	145.832	145.832	.129	40.72386	-111.51465
1	Summit	145.71	145.71	.122	40.72291	-111.51668
1	Summit	145.675	145.675	.034	40.72265	-111.51726
1	Summit	145.641	145.641	.035	40.72242	-111.51787
1	Summit	145.586	145.586	.054	40.72213	-111.51886
1	Summit	145.548	145.548	.039	40.72196	-111.51958
1	Summit	145.512	145.512	.036	40.72183	-111.52026
1	Summit	145.454	145.454	.058	40.72172	-111.52138
1	Summit	145.41	145.41	.044	40.72169	-111.52224
1	Summit	145.369	145.369	.041	40.72172	-111.52302
1	Summit	145.342	145.342	.027	40.72176	-111.52354
1	Summit	145.305	145.305	.037	40.72186	-111.52426
1	Summit	145.268	145.268	.037	40.722	-111.52496
1	Summit	145.216	145.216	.053	40.72224	-111.52594
1	Summit	145.05	145.05	.166	40.72301	-111.52903
1	Summit	144.669	144.669	.381	40.72475	-111.53614
1	Summit	144.573	144.573	.096	40.72517	-111.53793
1	Summit	144.522	144.522	.051	40.72541	-111.53888
1	Summit	144.483	144.483	.039	40.72561	-111.5396
1	Summit	144.443	144.443	.04	40.72585	-111.54031
1	Summit	144.403	144.403	.04	40.72612	-111.54102
1	Summit	144.343	144.343	.06	40.72658	-111.54203
1	Summit	144.263	144.263	.079	40.7272	-111.54335
1	Summit	144.258	144.258	.005	40.72724	-111.54344
1	Summit	144.253	144.253	.005	40.72728	-111.54352
1	Summit	144.18	144.18	.073	40.72783	-111.54476
1	Summit	144.113	144.113	.067	40.72837	-111.54582
1	Summit	144.033	144.033	.08	40.72903	-111.5472
1	Summit	144.012	144.012	.02	40.72921	-111.54754
1	Summit	143.971	143.971	.041	40.72961	-111.54819
1	Summit	143.93	143.93	.041	40.73005	-111.5488
1	Summit	143.89	143.89	.04	40.73052	-111.54934
1	Summit	143.848	143.848	.041	40.73103	-111.54985
1	Summit	143.811	143.811	.037	40.73149	-111.55029
1	Summit	143.623	143.623	.188	40.73388	-111.55248
1	Summit	143.51	143.51	.113	40.73529	-111.55383
1	Summit	143.34	143.34	.17	40.7373	-111.55571
1	Summit	142.831	142.831	.509	40.74314	-111.56119
1	Summit	142.349	142.349	.482	40.74864	-111.56643
1	Summit	142.164	142.164	.185	40.75076	-111.56842
1	Summit	142.069	142.069	.094	40.75182	-111.56947
1	Summit	142.03	142.03	.04	40.75225	-111.56994
1	Summit	141.971	141.971	.058	40.75285	-111.57068
1	Summit	141.927	141.927	.045	40.75328	-111.57128
1	Summit	141.881	141.881	.046	40.7537	-111.57193
1	Summit	141.84	141.84	.041	40.75405	-111.57253
1	Summit	141.794	141.794	.046	40.75443	-111.57325
1	Summit	141.759	141.759	.035	40.7547	-111.57383
1	Summit	141.724	141.724	.035	40.75495	-111.57441
1	Summit	141.692	141.692	.032	40.75516	-111.57496
1	Summit	141.653	141.653	.039	40.75539	-111.57564
1	Summit	141.615	141.615	.038	40.75559	-111.57633
1	Summit	141.586	141.586	.028	40.75573	-111.57684
1	Summit	141.558	141.558	.029	40.75585	-111.57737
1	Summit	141.518	141.518	.039	40.75599	-111.5781
1	Summit	141.5	141.5	.019	40.75605	-111.57845
1	Summit	141.472	141.472	.028	40.75613	-111.57897
1	Summit	141.456	141.456	.016	40.75616	-111.57928
1	Summit	141.428	141.428	.028	40.75622	-111.57981
1	Summit	141.392	141.392	.036	40.75627	-111.5805
1	Summit	141.336	141.336	.055	40.75631	-111.58156
1	Summit	141.297	141.297	.039	40.75631	-111.58231
1	Summit	141.268	141.268	.03	40.75628	-111.58288
1	Summit	141.24	141.24	.027	40.75624	-111.5834
1	Summit	141.194	141.194	.047	40.75615	-111.58429
1	Summit	141.145	141.145	.048	40.75602	-111.5852
1	Summit	141.088	141.088	.058	40.7558	-111.58627
1	Summit	141.058	141.058	.03	40.75567	-111.58681
1	Summit	141.03	141.03	.028	40.75553	-111.58731
1	Summit	140.992	140.992	.038	40.75531	-111.58799
1	Summit	140.936	140.936	.056	40.75496	-111.58896
1	Summit	140.881	140.881	.055	40.75458	-111.58989
1	Summit	140.825	140.825	.056	40.75419	-111.59083
1	Summit	140.733	140.733	.092	40.75355	-111.59238
1	Summit	140.434	140.434	.299	40.75146	-111.59742
1	Summit	140.355	140.355	.079	40.75094	-111.59877
1	Summit	140.315	140.315	.04	40.75071	-111.59948
1	Summit	140.275	140.275	.04	40.75051	-111.60021
1	Summit	140.213	140.213	.062	40.75027	-111.60136
1	Summit	140.15	140.15	.063	40.7501	-111.60254
1	Summit	140.108	140.108	.042	40.75004	-111.60333
1	Summit	140.066	140.066	.042	40.75001	-111.60414
1	Summit	140.024	140.024	.042	40.75002	-111.60495
1	Summit	139.953	139.953	.07	40.75011	-111.60629
1	Summit	139.903	139.903	.05	40.75024	-111.60724
1	Summit	139.847	139.847	.056	40.75045	-111.60828
1	Summit	139.778	139.778	.068	40.75079	-111.60951
1	Summit	139.736	139.736	.042	40.75104	-111.61025
1	Summit	139.699	139.699	.036	40.75128	-111.61087
1	Summit	139.662	139.662	.037	40.75155	-111.61149
1	Summit	139.625	139.625	.037	40.75184	-111.61208
1	Summit	139.57	139.57	.055	40.75227	-111.61297
1	Summit	139.533	139.533	.037	40.75256	-111.61357
1	Summit	139.484	139.484	.05	40.75292	-111.61439
1	Summit	139.44	139.44	.044	40.75321	-111.61513
1	Summit	139.403	139.403	.037	40.75342	-111.61577
1	Summit	139.365	139.365	.038	40.75359	-111.61645
1	Summit	139.326	139.326	.039	40.75374	-111.61715
1	Summit	139.287	139.287	.039	40.75387	-111.61786
1	Summit	139.247	139.247	.039	40.75398	-111.61858
1	Summit	139.192	139.192	.056	40.75405	-111.61961
1	Summit	139.154	139.154	.038	40.75407	-111.62032
1	Summit	139.112	139.112	.042	40.75405	-111.6211
1	Summit	139.074	139.074	.037	40.754	-111.62179
1	Summit	139.031	139.031	.044	40.7539	-111.62259
1	Salt Lake	138.985	138.985	.046	40.75375	-111.62342
1	Salt Lake	138.959	138.959	.026	40.75365	-111.62389
1	Salt Lake	138.928	138.928	.031	40.75352	-111.62444
1	Salt Lake	138.888	138.888	.039	40.75333	-111.62513
1	Salt Lake	138.847	138.847	.041	40.75313	-111.62585
1	Salt Lake	138.829	138.829	.019	40.75303	-111.62617
1	Salt Lake	138.781	138.781	.047	40.75277	-111.62698
1	Salt Lake	138.714	138.714	.067	40.75237	-111.62812
1	Salt Lake	138.667	138.667	.046	40.75207	-111.62889
1	Salt Lake	138.597	138.597	.07	40.75159	-111.63003
1	Salt Lake	138.552	138.552	.046	40.75125	-111.63076
1	Salt Lake	138.482	138.482	.07	40.7507	-111.63184
1	Salt Lake	138.435	138.435	.046	40.75032	-111.63254
1	Salt Lake	138.389	138.389	.047	40.74992	-111.63323
1	Salt Lake	138.344	138.344	.045	40.74953	-111.6339
1	Salt Lake	138.3	138.3	.044	40.74917	-111.63456
1	Salt Lake	138.27	138.27	.03	40.74894	-111.63503
1	Salt Lake	138.232	138.232	.037	40.74867	-111.63563
1	Salt Lake	138.197	138.197	.035	40.74844	-111.63621
1	Salt Lake	138.166	138.166	.032	40.74826	-111.63675
1	Salt Lake	138.12	138.12	.045	40.74804	-111.63754
1	Salt Lake	138.074	138.074	.046	40.74785	-111.63836
1	Salt Lake	138.027	138.027	.047	40.7477	-111.63921
1	Salt Lake	137.957	137.957	.07	40.7475	-111.64049
1	Salt Lake	137.84	137.84	.117	40.74717	-111.64263
1	Salt Lake	137.745	137.745	.095	40.7469	-111.64437
1	Salt Lake	137.674	137.674	.071	40.74668	-111.64565
1	Salt Lake	137.641	137.641	.033	40.74656	-111.64625
1	Salt Lake	137.606	137.606	.035	40.74642	-111.64687
1	Salt Lake	137.562	137.562	.044	40.74619	-111.64764
1	Salt Lake	137.517	137.517	.045	40.74591	-111.64839
1	Salt Lake	137.449	137.449	.067	40.74544	-111.64948
1	Salt Lake	137.384	137.384	.065	40.745	-111.65055
1	Salt Lake	137.32	137.32	.064	40.74465	-111.65164
1	Salt Lake	137.276	137.276	.044	40.74448	-111.65243
1	Salt Lake	137.232	137.232	.044	40.74438	-111.65324
1	Salt Lake	137.141	137.141	.091	40.74425	-111.65492
1	Salt Lake	137.075	137.075	.066	40.74413	-111.65614
1	Salt Lake	137.033	137.033	.043	40.74401	-111.65692
1	Salt Lake	137.001	137.001	.032	40.74391	-111.6575
1	Salt Lake	136.95	136.95	.051	40.74372	-111.65841
1	Salt Lake	136.907	136.907	.043	40.7435	-111.65918
1	Salt Lake	136.872	136.872	.035	40.74331	-111.65978
1	Salt Lake	136.835	136.835	.037	40.74308	-111.66041
1	Salt Lake	136.793	136.793	.042	40.74279	-111.66111
1	Salt Lake	136.75	136.75	.043	40.74248	-111.6618
1	Salt Lake	136.725	136.725	.025	40.74229	-111.66219
1	Salt Lake	136.668	136.668	.057	40.74186	-111.6631
1	Salt Lake	136.569	136.569	.099	40.7411	-111.66467
1	Salt Lake	136.44	136.44	.129	40.74012	-111.66672
1	Salt Lake	136.396	136.396	.044	40.7398	-111.66744
1	Salt Lake	136.377	136.377	.019	40.73967	-111.66772
1	Salt Lake	136.342	136.342	.035	40.73947	-111.66827
1	Salt Lake	136.31	136.31	.032	40.73932	-111.66879
1	Salt Lake	136.265	136.265	.045	40.73917	-111.66955
1	Salt Lake	136.221	136.221	.044	40.73911	-111.6703
1	Salt Lake	136.199	136.199	.022	40.73911	-111.67068
1	Salt Lake	136.164	136.164	.035	40.73914	-111.67128
1	Salt Lake	136.132	136.132	.032	40.7392	-111.67183
1	Salt Lake	136.086	136.086	.046	40.73936	-111.6726
1	Salt Lake	136.056	136.056	.03	40.7395	-111.67308
1	Salt Lake	136.025	136.025	.031	40.73968	-111.67357
1	Salt Lake	135.982	135.982	.043	40.73999	-111.67419
1	Salt Lake	135.94	135.94	.042	40.74034	-111.67475
1	Salt Lake	135.841	135.841	.099	40.7415	-111.67628
1	Salt Lake	135.82	135.82	.022	40.74177	-111.6766
1	Salt Lake	135.806	135.806	.014	40.74193	-111.67682
1	Salt Lake	135.785	135.785	.021	40.74217	-111.67715
1	Salt Lake	135.768	135.768	.016	40.74235	-111.67742
1	Salt Lake	135.745	135.745	.024	40.74259	-111.67783
1	Salt Lake	135.716	135.716	.028	40.74285	-111.67835
1	Salt Lake	135.692	135.692	.024	40.74304	-111.67881
1	Salt Lake	135.664	135.664	.028	40.74322	-111.67938
1	Salt Lake	135.646	135.646	.018	40.74332	-111.67976
1	Salt Lake	135.63	135.63	.016	40.74338	-111.68011
1	Salt Lake	135.611	135.611	.018	40.74344	-111.6805
1	Salt Lake	135.576	135.576	.035	40.74351	-111.68127
1	Salt Lake	135.541	135.541	.035	40.74353	-111.68204
1	Salt Lake	135.47	135.47	.071	40.74352	-111.68359
1	Salt Lake	135.388	135.388	.082	40.74351	-111.68516
1	Salt Lake	135.311	135.311	.076	40.74352	-111.68636
1	Salt Lake	135.26	135.26	.051	40.74359	-111.68716
1	Salt Lake	135.234	135.234	.026	40.74365	-111.68756
1	Salt Lake	135.2	135.2	.034	40.74375	-111.68807
1	Salt Lake	135.157	135.157	.043	40.74393	-111.68871
1	Salt Lake	135.106	135.106	.051	40.7442	-111.68943
1	Salt Lake	135.053	135.053	.052	40.74453	-111.69013
1	Salt Lake	134.92	134.92	.133	40.74541	-111.69187
1	Salt Lake	134.705	134.705	.215	40.74714	-111.69528
1	Salt Lake	134.611	134.611	.094	40.74798	-111.69696
1	Salt Lake	134.48	134.48	.131	40.74916	-111.69931
1	Salt Lake	134.417	134.417	.063	40.74967	-111.70031
1	Salt Lake	134.377	134.377	.04	40.74999	-111.70098
1	Salt Lake	134.356	134.356	.021	40.75015	-111.70133
1	Salt Lake	134.336	134.336	.02	40.75028	-111.70168
1	Salt Lake	134.316	134.316	.021	40.7504	-111.70206
1	Salt Lake	134.296	134.296	.02	40.75051	-111.70243
1	Salt Lake	134.275	134.275	.02	40.7506	-111.70281
1	Salt Lake	134.256	134.256	.02	40.75067	-111.70319
1	Salt Lake	134.223	134.223	.033	40.75074	-111.70384
1	Salt Lake	134.196	134.196	.027	40.75077	-111.70437
1	Salt Lake	134.176	134.176	.019	40.75078	-111.70475
1	Salt Lake	134.134	134.134	.043	40.75073	-111.70559
1	Salt Lake	133.99	133.99	.144	40.7506	-111.70843
1	Salt Lake	133.956	133.956	.034	40.75061	-111.70908
1	Salt Lake	133.911	133.911	.045	40.75069	-111.70986
1	Salt Lake	133.866	133.866	.045	40.75084	-111.71062
1	Salt Lake	133.812	133.812	.054	40.7511	-111.7115
1	Salt Lake	133.753	133.753	.059	40.75144	-111.71243
1	Salt Lake	133.714	133.714	.038	40.75167	-111.71303
1	Salt Lake	133.685	133.685	.03	40.75182	-111.71351
1	Salt Lake	133.662	133.662	.023	40.75191	-111.71389
1	Salt Lake	133.642	133.642	.02	40.75197	-111.71423
1	Salt Lake	133.621	133.621	.021	40.75201	-111.71459
1	Salt Lake	133.6	133.6	.021	40.75203	-111.71496
1	Salt Lake	133.581	133.581	.019	40.75204	-111.71532
1	Salt Lake	133.563	133.563	.018	40.75202	-111.71569
1	Salt Lake	133.524	133.524	.038	40.75193	-111.71645
1	Salt Lake	133.506	133.506	.018	40.75185	-111.7168
1	Salt Lake	133.488	133.488	.019	40.75175	-111.71715
1	Salt Lake	133.468	133.468	.02	40.75164	-111.71752
1	Salt Lake	133.449	133.449	.018	40.75151	-111.71785
1	Salt Lake	133.43	133.43	.019	40.75135	-111.71817
1	Salt Lake	133.411	133.411	.019	40.75117	-111.71848
1	Salt Lake	133.392	133.392	.019	40.75099	-111.71877
1	Salt Lake	133.372	133.372	.02	40.75077	-111.71906
1	Salt Lake	133.353	133.353	.019	40.75055	-111.71931
1	Salt Lake	133.316	133.316	.037	40.75009	-111.71975
1	Salt Lake	133.278	133.278	.037	40.74964	-111.72021
1	Salt Lake	133.241	133.241	.037	40.7492	-111.72069
1	Salt Lake	133.203	133.203	.038	40.74879	-111.72122
1	Salt Lake	133.174	133.174	.03	40.7485	-111.72168
1	Salt Lake	133.148	133.148	.025	40.74827	-111.72209
1	Salt Lake	133.091	133.091	.058	40.74781	-111.72308
1	Salt Lake	133.031	133.031	.059	40.74734	-111.7241
1	Salt Lake	132.97	132.97	.061	40.74685	-111.72515
1	Salt Lake	132.751	132.751	.219	40.74521	-111.72873
1	Salt Lake	132.711	132.711	.04	40.74486	-111.72946
1	Salt Lake	132.69	132.69	.021	40.74466	-111.72984
1	Salt Lake	132.672	132.672	.018	40.74448	-111.73015
1	Salt Lake	132.652	132.652	.019	40.74427	-111.73047
1	Salt Lake	132.612	132.612	.04	40.74383	-111.73113
1	Salt Lake	132.594	132.594	.017	40.74363	-111.7314
1	Salt Lake	132.565	132.565	.029	40.74332	-111.73189
1	Salt Lake	132.54	132.54	.025	40.74309	-111.73234
1	Salt Lake	132.518	132.518	.022	40.74294	-111.73271
1	Salt Lake	132.499	132.499	.019	40.74284	-111.73302
1	Salt Lake	132.478	132.478	.021	40.74274	-111.73338
1	Salt Lake	132.457	132.457	.021	40.74266	-111.73375
1	Salt Lake	132.414	132.414	.043	40.74257	-111.73452
1	Salt Lake	132.348	132.348	.066	40.74247	-111.7357
1	Salt Lake	132.237	132.237	.111	40.74229	-111.7377
1	Salt Lake	132.194	132.194	.043	40.74222	-111.73848
1	Salt Lake	132.151	132.151	.043	40.74213	-111.73925
1	Salt Lake	132.13	132.13	.021	40.74206	-111.73962
1	Salt Lake	132.109	132.109	.021	40.74197	-111.73998
1	Salt Lake	132.087	132.087	.021	40.74186	-111.74034
1	Salt Lake	132.043	132.043	.044	40.74156	-111.74103
1	Salt Lake	132.023	132.023	.021	40.74138	-111.74132
1	Salt Lake	132.01	132.01	.013	40.74127	-111.7415
1	Salt Lake	131.981	131.981	.029	40.74096	-111.74189
1	Salt Lake	131.962	131.962	.02	40.74073	-111.74213
1	Salt Lake	131.942	131.942	.02	40.74048	-111.74234
1	Salt Lake	131.923	131.923	.019	40.74023	-111.74251
1	Salt Lake	131.903	131.903	.02	40.73995	-111.74267
1	Salt Lake	131.883	131.883	.019	40.73968	-111.74281
1	Salt Lake	131.863	131.863	.02	40.73939	-111.74292
1	Salt Lake	131.81	131.81	.054	40.73862	-111.74321
1	Salt Lake	131.79	131.79	.019	40.73835	-111.74333
1	Salt Lake	131.772	131.772	.018	40.7381	-111.74347
1	Salt Lake	131.756	131.756	.016	40.73789	-111.74362
1	Salt Lake	131.737	131.737	.019	40.73765	-111.74382
1	Salt Lake	131.718	131.718	.019	40.73742	-111.74404
1	Salt Lake	131.699	131.699	.019	40.73721	-111.74429
1	Salt Lake	131.673	131.673	.026	40.73694	-111.74467
1	Salt Lake	131.636	131.636	.037	40.7366	-111.74524
1	Salt Lake	131.605	131.605	.032	40.7363	-111.74572
1	Salt Lake	131.585	131.585	.019	40.73611	-111.74601
1	Salt Lake	131.566	131.566	.019	40.73591	-111.74627
1	Salt Lake	131.547	131.547	.019	40.73568	-111.7465
1	Salt Lake	131.527	131.527	.02	40.73544	-111.74673
1	Salt Lake	131.494	131.494	.033	40.73502	-111.74708
1	Salt Lake	131.469	131.469	.025	40.73471	-111.74735
1	Salt Lake	131.449	131.449	.02	40.73448	-111.74759
1	Salt Lake	131.43	131.43	.019	40.73426	-111.74784
1	Salt Lake	131.409	131.409	.021	40.73406	-111.74813
1	Salt Lake	131.388	131.388	.022	40.73387	-111.74844
1	Salt Lake	131.367	131.367	.02	40.73371	-111.74874
1	Salt Lake	131.347	131.347	.021	40.73358	-111.74908
1	Salt Lake	131.326	131.326	.021	40.73346	-111.74942
1	Salt Lake	131.304	131.304	.022	40.73336	-111.74979
1	Salt Lake	131.273	131.273	.032	40.73327	-111.75036
1	Salt Lake	131.24	131.24	.032	40.73321	-111.75094
1	Salt Lake	131.198	131.198	.042	40.73315	-111.7517
1	Salt Lake	131.176	131.176	.023	40.73311	-111.75211
1	Salt Lake	131.154	131.154	.022	40.73305	-111.7525
1	Salt Lake	131.132	131.132	.022	40.73296	-111.75288
1	Salt Lake	131.11	131.11	.022	40.73286	-111.75326
1	Salt Lake	131.067	131.067	.043	40.73264	-111.75399
1	Salt Lake	131.045	131.045	.022	40.73253	-111.75436
1	Salt Lake	131.024	131.024	.021	40.73244	-111.75473
1	Salt Lake	131.003	131.003	.021	40.73237	-111.7551
1	Salt Lake	130.98	130.98	.023	40.73232	-111.75551
1	Salt Lake	130.938	130.938	.042	40.73224	-111.75631
1	Salt Lake	130.928	130.928	.009	40.73219	-111.75672
1	Salt Lake	130.919	130.919	.009	40.73212	-111.75712
1	Salt Lake	130.909	130.909	.009	40.73203	-111.75752
1	Salt Lake	130.9	130.9	.01	40.73191	-111.75791
1	Salt Lake	130.89	130.89	.01	40.73177	-111.75831
1	Salt Lake	130.881	130.881	.009	40.73161	-111.75866
1	Salt Lake	130.871	130.871	.01	40.73141	-111.75901
1	Salt Lake	130.861	130.861	.009	40.73121	-111.75932
1	Salt Lake	130.842	130.842	.019	40.73077	-111.75993
1	Salt Lake	130.83	130.83	.012	40.73049	-111.76032
1	Salt Lake	130.814	130.814	.017	40.73012	-111.76086
1	Salt Lake	130.795	130.795	.019	40.72975	-111.76153
1	Salt Lake	130.776	130.776	.019	40.72943	-111.76224
1	Salt Lake	130.767	130.767	.009	40.72928	-111.7626
1	Salt Lake	130.754	130.754	.013	40.72911	-111.76311
1	Salt Lake	130.731	130.731	.023	40.72885	-111.76406
1	Salt Lake	130.714	130.714	.017	40.72867	-111.76476
1	Salt Lake	130.707	130.707	.008	40.72858	-111.76507
1	Salt Lake	130.7	130.7	.007	40.72849	-111.76535
1	Salt Lake	130.678	130.678	.022	40.72834	-111.76573
1	Salt Lake	130.646	130.646	.031	40.72816	-111.7661
1	Salt Lake	130.619	130.619	.027	40.72798	-111.7664
1	Salt Lake	130.593	130.593	.026	40.7278	-111.76668
1	Salt Lake	130.566	130.566	.027	40.72759	-111.76694
1	Salt Lake	130.54	130.54	.026	40.72737	-111.76717
1	Salt Lake	130.514	130.514	.026	40.72714	-111.76738
1	Salt Lake	130.463	130.463	.052	40.7267	-111.76782
1	Salt Lake	130.411	130.411	.051	40.72629	-111.7683
1	Salt Lake	130.386	130.386	.025	40.72611	-111.76857
1	Salt Lake	130.36	130.36	.025	40.72595	-111.76886
1	Salt Lake	130.31	130.31	.05	40.72568	-111.76947
1	Salt Lake	130.26	130.26	.051	40.72547	-111.77013
1	Salt Lake	130.182	130.182	.077	40.72518	-111.77115
1	Salt Lake	130.156	130.156	.026	40.72507	-111.77149
1	Salt Lake	130.131	130.131	.025	40.72495	-111.77181
1	Salt Lake	130.104	130.104	.027	40.72479	-111.77212
1	Salt Lake	130.067	130.067	.037	40.72454	-111.77253
1	Salt Lake	130.035	130.035	.032	40.7243	-111.77286
1	Salt Lake	129.732	129.732	.303	40.72201	-111.77589
1	Salt Lake	129.639	129.639	.093	40.72131	-111.77682
1	Salt Lake	129.584	129.584	.055	40.72093	-111.77741
1	Salt Lake	129.53	129.53	.054	40.72059	-111.77803
1	Salt Lake	129.49	129.49	.04	40.7203	-111.77869
1	Salt Lake	129.469	129.469	.021	40.72017	-111.77902
1	Salt Lake	129.43	129.43	.039	40.71996	-111.77965
1	Salt Lake	129.393	129.393	.037	40.7198	-111.78026
1	Salt Lake	129.354	129.354	.039	40.71965	-111.78091
1	Salt Lake	129.334	129.334	.02	40.71956	-111.78124
1	Salt Lake	129.315	129.315	.02	40.71946	-111.78156
1	Salt Lake	129.296	129.296	.019	40.71934	-111.78185
1	Salt Lake	129.276	129.276	.02	40.7192	-111.78214
1	Salt Lake	129.257	129.257	.02	40.71905	-111.78242
1	Salt Lake	129.238	129.238	.019	40.71889	-111.78268
1	Salt Lake	129.218	129.218	.019	40.71871	-111.78292
1	Salt Lake	129.2	129.2	.018	40.71853	-111.78314
1	Salt Lake	129.184	129.184	.016	40.71834	-111.78333
1	Salt Lake	129.168	129.168	.016	40.71814	-111.78349
1	Salt Lake	129.154	129.154	.014	40.71795	-111.78362
1	Salt Lake	129.143	129.143	.01	40.71781	-111.78371
1	Salt Lake	129.127	129.127	.017	40.71758	-111.78384
1	Salt Lake	129.112	129.112	.014	40.71738	-111.78395
1	Salt Lake	129.099	129.099	.013	40.71719	-111.78403
1	Salt Lake	129.07	129.07	.029	40.71677	-111.78417
1	Salt Lake	129.028	129.028	.042	40.71615	-111.78436
1	Salt Lake	128.999	128.999	.029	40.71573	-111.78453
1	Salt Lake	128.984	128.984	.014	40.71553	-111.78464
1	Salt Lake	128.968	128.968	.016	40.71531	-111.78478
1	Salt Lake	128.937	128.937	.031	40.71492	-111.78511
1	Salt Lake	128.922	128.922	.015	40.71474	-111.7853
1	Salt Lake	128.907	128.907	.015	40.71458	-111.7855
1	Salt Lake	128.879	128.879	.028	40.71429	-111.78591
1	Salt Lake	128.857	128.857	.022	40.71408	-111.78624
1	Salt Lake	128.813	128.813	.044	40.71364	-111.78689
1	Salt Lake	128.77	128.77	.043	40.71324	-111.78755
1	Salt Lake	128.718	128.718	.052	40.71275	-111.78835
1	Salt Lake	128.701	128.701	.017	40.7126	-111.78861
1	Salt Lake	128.688	128.688	.014	40.71249	-111.78884
1	Salt Lake	128.66	128.66	.028	40.71229	-111.78932
1	Salt Lake	128.632	128.632	.028	40.71213	-111.78982
1	Salt Lake	128.603	128.603	.028	40.712	-111.79035
1	Salt Lake	128.58	128.58	.024	40.71195	-111.79082
1	Salt Lake	128.559	128.559	.021	40.71192	-111.79123
1	Salt Lake	128.521	128.521	.038	40.71192	-111.79199
1	Salt Lake	128.478	128.478	.042	40.71191	-111.79283
1	Salt Lake	128.446	128.446	.032	40.71184	-111.79346
1	Salt Lake	128.425	128.425	.021	40.71177	-111.79386
1	Salt Lake	128.383	128.383	.043	40.71157	-111.79467
1	Salt Lake	128.35	128.35	.032	40.71141	-111.79527
1	Salt Lake	128.318	128.318	.033	40.71124	-111.79588
1	Salt Lake	128.288	128.288	.03	40.71111	-111.79644
1	Salt Lake	128.275	128.275	.013	40.71107	-111.7967
1	Salt Lake	128.265	128.265	.01	40.71105	-111.79689
1	Salt Lake	128.24	128.24	.025	40.71104	-111.79739
1	Salt Lake	128.215	128.215	.025	40.71108	-111.79787
1	Salt Lake	128.198	128.198	.016	40.71114	-111.79815
1	Salt Lake	128.169	128.169	.029	40.71127	-111.79864
1	Salt Lake	128.147	128.147	.022	40.71138	-111.799
1	Salt Lake	128.093	128.093	.054	40.71167	-111.79988
1	Salt Lake	128.038	128.038	.056	40.71197	-111.80079
1	Salt Lake	127.975	127.975	.063	40.71231	-111.80182
1	Salt Lake	127.925	127.925	.05	40.71259	-111.80263
1	Salt Lake	127.892	127.892	.033	40.71279	-111.80315
1	Salt Lake	127.852	127.852	.04	40.71307	-111.80375
1	Salt Lake	127.796	127.796	.056	40.71346	-111.8046
1	Salt Lake	127.778	127.778	.018	40.71359	-111.80488
1	Salt Lake	127.76	127.76	.018	40.71371	-111.80516
1	Salt Lake	127.745	127.745	.015	40.71382	-111.80546
1	Salt Lake	127.73	127.73	.015	40.71392	-111.80576
1	Salt Lake	127.716	127.716	.014	40.714	-111.80606
1	Salt Lake	127.69	127.69	.025	40.71415	-111.80659
1	Salt Lake	127.679	127.679	.012	40.71421	-111.80684
1	Salt Lake	127.659	127.659	.019	40.7143	-111.80725
1	Salt Lake	127.635	127.635	.024	40.71438	-111.80777
1	Salt Lake	127.61	127.61	.025	40.71443	-111.80832
1	Salt Lake	127.569	127.569	.042	40.71449	-111.80924
1	Salt Lake	127.504	127.504	.065	40.71455	-111.81067
1	Salt Lake	127.39	127.39	.114	40.71467	-111.8132
1	Salt Lake	127.35	127.35	.04	40.71469	-111.81397
1	Salt Lake	127.331	127.331	.018	40.71468	-111.8143
1	Salt Lake	127.313	127.313	.019	40.71464	-111.81463
1	Salt Lake	127.291	127.291	.022	40.71457	-111.81501
1	Salt Lake	127.277	127.277	.014	40.7145	-111.81525
1	Salt Lake	127.258	127.258	.018	40.7144	-111.81555
1	Salt Lake	127.185	127.185	.073	40.71394	-111.81672
1	Salt Lake	127.13	127.13	.056	40.7136	-111.81762
1	Salt Lake	127.091	127.091	.039	40.71337	-111.81825
1	Salt Lake	127.055	127.055	.035	40.71321	-111.81885
1	Salt Lake	127.019	127.019	.036	40.7131	-111.81948
1	Salt Lake	126.989	126.989	.031	40.71304	-111.82003
1	Salt Lake	126.971	126.971	.017	40.71303	-111.82034
1	Salt Lake	126.941	126.941	.03	40.71303	-111.82088
1	Salt Lake	126.92	126.92	.021	40.71303	-111.82126
1	Salt Lake	126.887	126.887	.033	40.71308	-111.82185
1	Salt Lake	126.857	126.857	.03	40.71317	-111.82238
1	Salt Lake	126.806	126.806	.051	40.71336	-111.82326
1	Salt Lake	126.71	126.71	.096	40.71381	-111.82489
1	Salt Lake	126.678	126.678	.032	40.71393	-111.82538
1	Salt Lake	126.473	126.473	.205	40.71477	-111.82849
1	Salt Lake	126.33	126.33	.143	40.71537	-111.83066
1	Salt Lake	126.256	126.256	.074	40.7157	-111.83177
1	Salt Lake	126.215	126.215	.041	40.71593	-111.83235
1	Salt Lake	126.19	126.19	.025	40.71609	-111.8327
1	Salt Lake	126.117	126.117	.073	40.71666	-111.83387
1	Salt Lake	126.076	126.076	.041	40.71698	-111.8345
1	Salt Lake	126.042	126.042	.034	40.7172	-111.83505
1	Salt Lake	126.006	126.006	.036	40.7174	-111.83566
1	Salt Lake	125.95	125.95	.055	40.71765	-111.83662
1	Salt Lake	125.857	125.857	.094	40.71801	-111.83827
1	Salt Lake	125.67	125.67	.187	40.71875	-111.84155
1	Salt Lake	125.64	125.64	.03	40.71888	-111.84214
1	Salt Lake	125.556	125.556	.084	40.71924	-111.84378
1	Salt Lake	125.506	125.506	.05	40.71942	-111.84477
1	Salt Lake	125.474	125.474	.032	40.71952	-111.84541
1	Salt Lake	125.425	125.425	.049	40.71964	-111.8464
1	Salt Lake	125.392	125.392	.033	40.7197	-111.84706
1	Salt Lake	125.345	125.345	.047	40.71976	-111.84802
1	Salt Lake	125.311	125.311	.034	40.71978	-111.84871
1	Salt Lake	125.283	125.283	.028	40.71979	-111.84929
1	Salt Lake	125.22	125.22	.063	40.71979	-111.85057
1	Salt Lake	125.1	125.1	.12	40.71978	-111.85301
1	Salt Lake	125.067	125.067	.033	40.71977	-111.85363
1	Salt Lake	125.001	125.001	.065	40.71976	-111.85484
1	Salt Lake	124.908	124.908	.093	40.71975	-111.85657
1	Salt Lake	124.887	124.887	.021	40.71975	-111.85695
1	Salt Lake	124.864	124.864	.023	40.71974	-111.85738
1	Salt Lake	124.785	124.785	.079	40.71971	-111.85885
1	Salt Lake	124.737	124.737	.048	40.71968	-111.85973
1	Salt Lake	124.49	124.49	.247	40.71953	-111.86431
1	Salt Lake	124.423	124.423	.067	40.71949	-111.8654
1	Salt Lake	124.37	124.37	.052	40.71946	-111.86625
1	Salt Lake	124.331	124.331	.039	40.71943	-111.86689
1	Salt Lake	124.292	124.292	.039	40.71938	-111.86752
1	Salt Lake	124.235	124.235	.057	40.71928	-111.86843
1	Salt Lake	124.22	124.22	.016	40.71924	-111.86868
1	Salt Lake	124.178	124.178	.042	40.71915	-111.86935
1	Salt Lake	124.139	124.139	.039	40.71904	-111.86997
1	Salt Lake	124.059	124.059	.079	40.71883	-111.87123
1	Salt Lake	123.97	123.97	.089	40.7186	-111.87265
1	Salt Lake	123.948	123.948	.022	40.71854	-111.87307
1	Salt Lake	123.913	123.913	.035	40.71845	-111.87397
1	Salt Lake	123.896	123.896	.016	40.71842	-111.8744
1	Salt Lake	123.865	123.865	.031	40.71837	-111.87522
1	Salt Lake	123.856	123.856	.009	40.71836	-111.87545
1	Salt Lake	123.804	123.804	.052	40.71835	-111.87682
1	Salt Lake	123.771	123.771	.034	40.71835	-111.8777
1	Salt Lake	123.74	123.74	.031	40.71835	-111.8785
1	Salt Lake	123.525	123.525	.215	40.71835	-111.8826
1	Salt Lake	123.501	123.501	.023	40.71835	-111.88304
1	Salt Lake	123.411	123.411	.091	40.71835	-111.88474
1	Salt Lake	123.223	123.223	.188	40.71835	-111.88827
1	Salt Lake	123.14	123.14	.083	40.71844	-111.88982
1	Salt Lake	123.072	123.072	.068	40.71847	-111.89112
1	Salt Lake	122.994	122.994	.078	40.7185	-111.89261
1	Salt Lake	122.922	122.922	.072	40.7185	-111.89398
1	Salt Lake	122.849	122.849	.073	40.7185	-111.89537
1	Salt Lake	122.809	122.809	.039	40.71849	-111.89612
1	Salt Lake	122.769	122.769	.04	40.71849	-111.89689
1	Salt Lake	122.738	122.738	.03	40.71849	-111.89747
1	Salt Lake	122.7	122.7	.039	40.72193	-111.90427
1	Salt Lake	122.678	122.678	.022	40.72225	-111.90427
1	Salt Lake	122.658	122.658	.019	40.72253	-111.90425
1	Salt Lake	122.62	122.62	.038	40.72308	-111.90423
1	Salt Lake	122.56	122.56	.06	40.72395	-111.90421
1	Salt Lake	122.5	122.5	.06	40.72482	-111.9042
1	Salt Lake	122.46	122.46	.04	40.7254	-111.9042
1	Salt Lake	122.454	122.454	.006	40.72549	-111.9042
1	Salt Lake	122.394	122.394	.06	40.72636	-111.90424
1	Salt Lake	122.238	122.238	.156	40.72862	-111.90436
1	Salt Lake	122.146	122.146	.092	40.72996	-111.90442
1	Salt Lake	122.052	122.052	.094	40.73132	-111.90445
1	Salt Lake	121.902	121.902	.15	40.73349	-111.90453
1	Salt Lake	121.841	121.841	.061	40.73437	-111.90455
1	Salt Lake	121.803	121.803	.038	40.73492	-111.90456
1	Salt Lake	121.747	121.747	.056	40.73573	-111.90452
1	Salt Lake	121.686	121.686	.062	40.73662	-111.90445
1	Salt Lake	121.6	121.6	.086	40.73787	-111.90434
1	Salt Lake	121.502	121.502	.097	40.73928	-111.90422
1	Salt Lake	121.342	121.342	.16	40.74159	-111.90403
1	Salt Lake	121.275	121.275	.067	40.74256	-111.90395
1	Salt Lake	121.223	121.223	.052	40.74332	-111.90392
1	Salt Lake	121.189	121.189	.034	40.74381	-111.90399
1	Salt Lake	121.155	121.155	.034	40.74429	-111.9041
1	Salt Lake	121.138	121.138	.018	40.74454	-111.90418
1	Salt Lake	121.12	121.12	.017	40.74478	-111.90427
1	Salt Lake	121.103	121.103	.018	40.74502	-111.90438
1	Salt Lake	121.085	121.085	.018	40.74526	-111.9045
1	Salt Lake	121.062	121.062	.023	40.74556	-111.90469
1	Salt Lake	121.033	121.033	.03	40.74594	-111.90495
1	Salt Lake	120.998	120.998	.035	40.74637	-111.9053
1	Salt Lake	120.963	120.963	.035	40.74677	-111.90571
1	Salt Lake	120.929	120.929	.034	40.74714	-111.90614
1	Salt Lake	120.905	120.905	.024	40.74739	-111.90646
1	Salt Lake	120.85	120.85	.055	40.74797	-111.90718
1	Salt Lake	120.722	120.722	.128	40.74933	-111.90883
1	Salt Lake	120.707	120.707	.015	40.74949	-111.90902
1	Salt Lake	120.683	120.683	.024	40.74976	-111.9093
1	Salt Lake	120.635	120.635	.048	40.75034	-111.90982
1	Salt Lake	120.598	120.598	.037	40.75082	-111.91014
1	Salt Lake	120.581	120.581	.017	40.75105	-111.91026
1	Salt Lake	120.548	120.548	.033	40.7515	-111.91048
1	Salt Lake	120.517	120.517	.031	40.75193	-111.91062
1	Salt Lake	120.47	120.47	.047	40.7526	-111.91074
1	Salt Lake	120.354	120.354	.117	40.75427	-111.91111
1	Salt Lake	120.318	120.318	.036	40.75477	-111.91128
1	Salt Lake	120.269	120.269	.049	40.75544	-111.9116
1	Salt Lake	120.221	120.221	.047	40.75608	-111.91193
1	Salt Lake	120.194	120.194	.028	40.75645	-111.91213
1	Salt Lake	120.147	120.147	.047	40.75708	-111.91246
1	Salt Lake	119.01	119.01	1.137	40.76464	-111.91852
1	Salt Lake	118.949	118.949	.061	40.76465	-111.91969
1	Salt Lake	118.8	118.8	.149	40.76465	-111.92231
1	Salt Lake	118.695	118.695	.105	40.76466	-111.92417
1	Salt Lake	118.575	118.575	.12	40.76468	-111.92628
1	Salt Lake	118.542	118.542	.033	40.76469	-111.92686
1	Salt Lake	118.494	118.494	.048	40.76472	-111.9277
1	Salt Lake	118.44	118.44	.054	40.76482	-111.92865
1	Salt Lake	118.394	118.394	.046	40.76496	-111.9295
1	Salt Lake	118.318	118.318	.077	40.76518	-111.93086
1	Salt Lake	118.244	118.244	.074	40.76539	-111.93217
1	Salt Lake	118.119	118.119	.125	40.76575	-111.93438
1	Salt Lake	118.064	118.064	.055	40.76591	-111.93536
1	Salt Lake	118	118	.064	40.76608	-111.93649
1	Salt Lake	117.965	117.965	.035	40.76616	-111.93714
1	Salt Lake	117.93	117.93	.036	40.76621	-111.93779
1	Salt Lake	117.895	117.895	.035	40.76624	-111.93844
1	Salt Lake	117.877	117.877	.018	40.76625	-111.93877
1	Salt Lake	117.855	117.855	.021	40.76625	-111.93916
1	Salt Lake	117.79	117.79	.066	40.76621	-111.94037
1	Salt Lake	117.731	117.731	.058	40.76614	-111.94144
1	Salt Lake	117.694	117.694	.038	40.7661	-111.94213
1	Salt Lake	117.599	117.599	.095	40.76599	-111.94387
1	Salt Lake	117.471	117.471	.128	40.76585	-111.94622
1	Salt Lake	117.415	117.415	.055	40.76579	-111.94723
1	Salt Lake	117.395	117.395	.021	40.76577	-111.94761
1	Salt Lake	117.287	117.287	.108	40.76567	-111.94959
1	Salt Lake	117.245	117.245	.042	40.76563	-111.95036
1	Salt Lake	117.229	117.229	.016	40.76561	-111.95065
1	Salt Lake	117.206	117.206	.023	40.76559	-111.95108
1	Salt Lake	117.132	117.132	.074	40.7655	-111.95243
1	Salt Lake	117.03	117.03	.102	40.76538	-111.9543
1	Salt Lake	116.846	116.846	.184	40.76515	-111.95779
1	Salt Lake	116.763	116.763	.084	40.76507	-111.9594
1	Salt Lake	116.739	116.739	.024	40.76505	-111.95986
1	Salt Lake	116.621	116.621	.118	40.76495	-111.96213
1	Salt Lake	116.497	116.497	.125	40.76483	-111.96453
1	Salt Lake	116.461	116.461	.035	40.76479	-111.96521
1	Salt Lake	116.442	116.442	.02	40.76477	-111.96559
1	Salt Lake	116.41	116.41	.032	40.76474	-111.9662
1	Salt Lake	116.33	116.33	.08	40.76467	-111.96772
1	Salt Lake	116.255	116.255	.075	40.76464	-111.96917
1	Salt Lake	116.132	116.132	.124	40.76463	-111.97157
1	Salt Lake	115.96	115.96	.172	40.76463	-111.97491
1	Salt Lake	115.915	115.915	.045	40.76463	-111.97578
1	Salt Lake	115.589	115.589	.326	40.76461	-111.98205
1	Salt Lake	115.43	115.43	.159	40.76461	-111.9851
1	Salt Lake	115.357	115.357	.073	40.76462	-111.9865
1	Salt Lake	115.33	115.33	.027	40.76463	-111.987
1	Salt Lake	115.291	115.291	.039	40.76466	-111.98772
1	Salt Lake	115.241	115.241	.05	40.76473	-111.98864
1	Salt Lake	115.183	115.183	.058	40.76484	-111.9897
1	Salt Lake	115.162	115.162	.021	40.7649	-111.99008
1	Salt Lake	115.127	115.127	.035	40.76499	-111.99072
1	Salt Lake	115.086	115.086	.041	40.76514	-111.99145
1	Salt Lake	115.047	115.047	.039	40.76529	-111.99215
1	Salt Lake	114.976	114.976	.071	40.76562	-111.99339
1	Salt Lake	114.93	114.93	.046	40.76587	-111.99418
1	Salt Lake	114.88	114.88	.05	40.76616	-111.99502
1	Salt Lake	114.831	114.831	.049	40.76648	-111.99585
1	Salt Lake	114.797	114.797	.034	40.76671	-111.99641
1	Salt Lake	114.757	114.757	.04	40.767	-111.99704
1	Salt Lake	114.717	114.717	.04	40.76728	-111.99769
1	Salt Lake	114.657	114.657	.059	40.76769	-111.99864
1	Salt Lake	114.618	114.618	.04	40.76795	-111.99929
1	Salt Lake	114.56	114.56	.058	40.76832	-112.00025
1	Salt Lake	114.501	114.501	.059	40.76867	-112.00124
1	Salt Lake	114.434	114.434	.067	40.76904	-112.00237
1	Salt Lake	114.396	114.396	.038	40.76924	-112.00302
1	Salt Lake	114.34	114.34	.056	40.76952	-112.00399
1	Salt Lake	114.258	114.258	.082	40.76992	-112.00547
1	Salt Lake	114.198	114.198	.059	40.77018	-112.00655
1	Salt Lake	114.141	114.141	.057	40.77039	-112.00761
1	Salt Lake	114.068	114.068	.073	40.77063	-112.00897
1	Salt Lake	113.995	113.995	.073	40.77082	-112.01033
1	Salt Lake	113.94	113.94	.055	40.77095	-112.01137
1	Salt Lake	113.884	113.884	.056	40.77105	-112.01243
1	Salt Lake	113.827	113.827	.056	40.77113	-112.0135
1	Salt Lake	113.752	113.752	.075	40.7712	-112.01493
1	Salt Lake	113.677	113.677	.076	40.77122	-112.01637
1	Salt Lake	113.601	113.601	.076	40.77122	-112.01781
1	Salt Lake	113.552	113.552	.049	40.77122	-112.01875
1	Salt Lake	113.411	113.411	.141	40.77121	-112.02143
1	Salt Lake	113.222	113.222	.189	40.77119	-112.02504
1	Salt Lake	113.105	113.105	.117	40.77117	-112.02727
1	Salt Lake	112.928	112.928	.177	40.77117	-112.03065
1	Salt Lake	112.829	112.829	.099	40.77116	-112.03254
1	Salt Lake	112.801	112.801	.027	40.77116	-112.03306
1	Salt Lake	112.76	112.76	.041	40.77116	-112.03385
1	Salt Lake	112.429	112.429	.331	40.77116	-112.04016
1	Salt Lake	112.37	112.37	.059	40.77116	-112.04128
1	Salt Lake	112.083	112.083	.287	40.77115	-112.04676
1	Salt Lake	111.909	111.909	.174	40.77115	-112.05007
1	Salt Lake	111.716	111.716	.194	40.77114	-112.05376
1	Salt Lake	111.675	111.675	.041	40.77114	-112.05454
1	Salt Lake	111.241	111.241	.434	40.77113	-112.06281
1	Salt Lake	111.226	111.226	.015	40.77113	-112.06309
1	Salt Lake	110.83	110.83	.396	40.7711	-112.07065
1	Salt Lake	110.756	110.756	.074	40.7711	-112.07206
1	Salt Lake	110.599	110.599	.157	40.77109	-112.07506
1	Salt Lake	110.272	110.272	.327	40.77108	-112.08129
1	Salt Lake	109.866	109.866	.406	40.77106	-112.08904
1	Salt Lake	109.243	109.243	.623	40.77104	-112.10091
1	Salt Lake	109.226	109.226	.017	40.77104	-112.10124
1	Salt Lake	108.887	108.887	.339	40.77102	-112.1077
1	Salt Lake	108.446	108.446	.441	40.77099	-112.1161
1	Salt Lake	108.155	108.155	.292	40.77096	-112.12166
1	Salt Lake	108.1	108.1	.055	40.77096	-112.12271
1	Salt Lake	107.958	107.958	.142	40.77095	-112.12541
1	Salt Lake	107.826	107.826	.132	40.77095	-112.12793
1	Salt Lake	107.717	107.717	.109	40.77094	-112.13001
1	Salt Lake	107.543	107.543	.174	40.77093	-112.13332
1	Salt Lake	107.35	107.35	.194	40.77092	-112.13701
1	Salt Lake	107.245	107.245	.104	40.77091	-112.139
1	Salt Lake	107.118	107.118	.127	40.77091	-112.14142
1	Salt Lake	107.034	107.034	.084	40.7709	-112.14303
1	Salt Lake	106.815	106.815	.219	40.77089	-112.1472
1	Salt Lake	106.771	106.771	.045	40.77087	-112.14805
1	Salt Lake	106.735	106.735	.036	40.77082	-112.14873
1	Salt Lake	106.705	106.705	.03	40.77075	-112.1493
1	Salt Lake	106.66	106.66	.045	40.77061	-112.15013
1	Salt Lake	106.637	106.637	.023	40.77052	-112.15055
1	Salt Lake	106.615	106.615	.022	40.77042	-112.15095
1	Salt Lake	106.571	106.571	.044	40.77018	-112.15173
1	Salt Lake	106.527	106.527	.044	40.7699	-112.15248
1	Salt Lake	106.484	106.484	.043	40.76957	-112.15318
1	Salt Lake	106.442	106.442	.042	40.76922	-112.15383
1	Salt Lake	106.421	106.421	.021	40.76903	-112.15414
1	Salt Lake	106.4	106.4	.021	40.76883	-112.15445
1	Salt Lake	106.358	106.358	.042	40.7684	-112.15502
1	Salt Lake	106.295	106.295	.063	40.76774	-112.15584
1	Salt Lake	106.169	106.169	.127	40.76638	-112.15746
1	Salt Lake	106.063	106.063	.106	40.76525	-112.15882
1	Salt Lake	105.966	105.966	.097	40.76422	-112.16008
1	Salt Lake	105.918	105.918	.048	40.76371	-112.1607
1	Salt Lake	105.837	105.837	.081	40.76284	-112.16174
1	Salt Lake	105.758	105.758	.079	40.762	-112.16277
1	Salt Lake	105.699	105.699	.059	40.76139	-112.16355
1	Salt Lake	105.659	105.659	.04	40.76099	-112.16409
1	Salt Lake	105.62	105.62	.04	40.76059	-112.16464
1	Salt Lake	105.559	105.559	.06	40.75999	-112.16548
1	Salt Lake	105.519	105.519	.04	40.75958	-112.16602
1	Salt Lake	105.478	105.478	.041	40.75915	-112.16656
1	Salt Lake	105.418	105.418	.061	40.75851	-112.16735
1	Salt Lake	105.336	105.336	.082	40.75763	-112.1684
1	Salt Lake	105.191	105.191	.145	40.75608	-112.17026
1	Salt Lake	105.024	105.024	.166	40.7543	-112.1724
1	Salt Lake	104.75	104.75	.274	40.75137	-112.17593
1	Salt Lake	104.62	104.62	.131	40.74997	-112.17761
1	Salt Lake	104.588	104.588	.031	40.74963	-112.17801
1	Salt Lake	104.524	104.524	.064	40.74895	-112.17884
1	Salt Lake	104.472	104.472	.052	40.7484	-112.17951
1	Salt Lake	104.299	104.299	.174	40.74654	-112.18174
1	Salt Lake	104.186	104.186	.113	40.74533	-112.18319
1	Salt Lake	104.103	104.103	.082	40.74445	-112.18425
1	Salt Lake	104.026	104.026	.078	40.74362	-112.18525
1	Salt Lake	103.927	103.927	.099	40.74258	-112.18654
1	Salt Lake	103.828	103.828	.099	40.74157	-112.18788
1	Salt Lake	103.789	103.789	.04	40.74117	-112.18842
1	Salt Lake	103.709	103.709	.079	40.7404	-112.18954
1	Salt Lake	103.629	103.629	.08	40.73963	-112.19069
1	Salt Lake	103.548	103.548	.081	40.73888	-112.19189
1	Salt Lake	103.507	103.507	.041	40.73851	-112.19249
1	Salt Lake	103.448	103.448	.059	40.73798	-112.19338
1	Salt Lake	103.344	103.344	.104	40.73709	-112.19497
1	Salt Lake	103.245	103.245	.1	40.73627	-112.19653
1	Salt Lake	103.123	103.123	.121	40.73529	-112.19845
1	Salt Lake	103.02	103.02	.103	40.73446	-112.20009
1	Salt Lake	102.856	102.856	.164	40.73313	-112.20268
1	Salt Lake	102.775	102.775	.081	40.73247	-112.20395
1	Salt Lake	102.655	102.655	.121	40.7315	-112.20586
1	Salt Lake	102.553	102.553	.102	40.73067	-112.20747
1	Salt Lake	102.492	102.492	.061	40.7302	-112.20845
1	Salt Lake	102.451	102.451	.041	40.72991	-112.20913
1	Salt Lake	102.369	102.369	.082	40.72936	-112.21051
1	Salt Lake	102.204	102.204	.166	40.72824	-112.2133
1	Salt Lake	102.143	102.143	.061	40.72783	-112.21433
1	Salt Lake	102.061	102.061	.081	40.72728	-112.2157
1	Salt Lake	101.832	101.832	.229	40.72573	-112.21956
1	Salt Lake	101.759	101.759	.073	40.72523	-112.22079
1	Salt Lake	101.61	101.61	.149	40.72423	-112.22331
1	Salt Lake	101.508	101.508	.102	40.72354	-112.22503
1	Salt Lake	101.478	101.478	.03	40.72334	-112.22554
